-0.50000 -0.50000 0.00114 0.00073 0.76100 0.76096 0.78147 0.78143 0.89087 1.00000 0
-0.50000 -0.50000 0.00114 0.00062 0.76198 0.76195 0.78225 0.78222 0.89175 1.00000 0
-0.50000 -0.50000 0.00113 0.00050 0.76388 0.76385 0.78377 0.78374 0.89243 1.00000 0
-0.50000 -0.50000 0.00113 0.00038 0.76654 0.76650 0.78589 0.78586 0.89295 1.00000 0
-0.50000 -0.50000 0.00113 0.00027 0.76975 0.76971 0.78847 0.78843 0.89333 1.00000 0
-0.50000 -0.50000 0.00113 0.00016 0.77330 0.77325 0.79132 0.79128 0.89358 1.00000 0
-0.50000 -0.50000 0.00113 0.00003 0.77698 0.77693 0.79430 0.79426 0.89372 1.00000 0
-0.50000 -0.50000 0.00113 -0.00007 0.78052 0.78048 0.79717 0.79713 0.89293 1.00000 0
-0.50000 -0.50000 0.00114 -0.00015 0.78382 0.78378 0.79986 0.79982 0.89172 1.00000 0
-0.50000 -0.50000 0.00114 -0.00018 0.78678 0.78672 0.80227 0.80222 0.89044 1.00000 0
-0.50000 -0.50000 0.00115 -0.00013 0.78937 0.78905 0.80440 0.80412 0.88912 1.00000 0
-0.50000 -0.50000 0.00116 -0.00001 0.79145 0.79072 0.80613 0.80548 0.88776 1.00000 0
-0.50000 -0.50000 0.00116 0.00018 0.79291 0.79177 0.80734 0.80632 0.88638 1.00000 0
-0.50000 -0.50000 0.00117 0.00046 0.79374 0.79219 0.80804 0.80666 0.88497 1.00000 0
-0.50000 -0.50000 0.00118 0.00084 0.79398 0.79201 0.80826 0.80650 0.88353 1.00000 0
-0.50000 -0.50000 0.00118 0.00138 0.79371 0.79124 0.80805 0.80585 0.88203 1.00000 0
-0.50000 -0.50000 0.00119 0.00204 0.79302 0.78990 0.80751 0.80473 0.88045 0.00000 0
-0.50000 -0.50000 0.00120 0.00278 0.79201 0.78819 0.80670 0.80331 0.87876 0.00000 0
-0.50000 -0.50000 0.00121 0.00350 0.79069 0.78639 0.80564 0.80182 0.87695 0.00000 0
-0.50000 -0.50000 0.00122 0.00415 0.78909 0.78472 0.80432 0.80045 0.87499 0.00000 0
-0.50000 -0.50000 0.00123 0.00467 0.78733 0.78320 0.80287 0.79922 0.87288 0.00000 0
-0.50000 -0.50000 0.00124 0.00501 0.78544 0.78195 0.80131 0.79823 0.87063 0.00000 0
-0.50000 -0.50000 0.00126 0.00524 0.78345 0.78111 0.79964 0.79758 0.86824 0.00000 0
-0.50000 -0.50000 0.00127 0.00540 0.78148 0.78058 0.79799 0.79720 0.86572 0.00000 0
-0.50000 -0.50000 0.00128 0.00553 0.77967 0.78028 0.79646 0.79700 0.86308 0.00000 0
-0.50000 -0.50000 0.00130 0.00563 0.77814 0.78016 0.79518 0.79695 0.86033 0.00000 0
-0.50000 -0.50000 0.00131 0.00571 0.77698 0.78017 0.79419 0.79699 0.85746 0.00000 0
-0.50000 -0.50000 0.00133 0.00578 0.77621 0.78030 0.79353 0.79713 0.85448 0.00000 0
-0.50000 -0.50000 0.00134 0.00584 0.77584 0.78054 0.79321 0.79734 0.85137 0.00000 0
-0.50000 -0.50000 0.00136 0.00589 0.77586 0.78086 0.79322 0.79761 0.84814 0.00000 0
-0.50000 -0.50000 0.00137 0.00595 0.77623 0.78125 0.79352 0.79793 0.84479 0.00000 0
-0.50000 -0.50000 0.00139 0.00599 0.77689 0.78169 0.79406 0.79828 0.84130 0.00000 0
-0.50000 -0.50000 0.00141 0.00604 0.77778 0.78217 0.79479 0.79865 0.83768 0.00000 0
-0.50000 -0.50000 0.00143 0.00608 0.77883 0.78265 0.79566 0.79903 0.83393 0.00000 0
-0.50000 -0.50000 0.00145 0.00611 0.77996 0.78312 0.79661 0.79939 0.83004 0.00000 0
-0.50000 -0.50000 0.00147 0.00614 0.78112 0.78357 0.79757 0.79973 0.82600 0.00000 0
-0.50000 -0.50000 0.00149 0.00617 0.78212 0.78386 0.79841 0.79994 0.82184 0.00000 0
-0.50000 -0.50000 0.00152 0.00618 0.78283 0.78387 0.79901 0.79993 0.81756 0.00000 0
-0.50000 -0.50000 0.00154 0.00618 0.78316 0.78356 0.79931 0.79966 0.81319 0.00000 0
-0.50000 -0.50000 0.00156 0.00617 0.78307 0.78290 0.79925 0.79911 0.80873 0.00000 0
-0.50000 -0.50000 0.00159 0.00615 0.78255 0.78191 0.79885 0.79828 0.80419 0.00000 0
-0.50000 -0.50000 0.00161 0.00612 0.78160 0.78057 0.79809 0.79718 0.79958 0.00000 0
-0.50000 -0.50000 0.00164 0.00608 0.78021 0.77890 0.79697 0.79581 0.79491 0.00000 0
-0.50000 -0.50000 0.00167 0.00602 0.77844 0.77693 0.79554 0.79422 0.79020 0.00000 0
-0.50000 -0.50000 0.00169 0.00596 0.77635 0.77474 0.79385 0.79244 0.78544 0.00000 0
-0.50000 -0.50000 0.00172 0.00589 0.77399 0.77237 0.79194 0.79053 0.78065 0.00000 0
-0.50000 -0.50000 0.00175 0.00582 0.77145 0.76989 0.78989 0.78854 0.77584 0.00000 0
-0.50000 -0.50000 0.00178 0.00574 0.76881 0.76738 0.78777 0.78652 0.77101 0.00000 0
-0.50000 -0.50000 0.00181 0.00567 0.76615 0.76490 0.78563 0.78454 0.76618 0.00000 0
-0.50000 -0.50000 0.00183 0.00559 0.76355 0.76251 0.78354 0.78264 0.76135 0.00000 0
-0.50000 -0.50000 0.00186 0.00552 0.76108 0.76028 0.78156 0.78087 0.75654 0.00000 0
-0.50000 -0.50000 0.00189 0.00546 0.75881 0.75825 0.77974 0.77926 0.75176 0.00000 0
-0.50000 -0.50000 0.00192 0.00539 0.75678 0.75646 0.77812 0.77785 0.74702 0.00000 0
-0.50000 -0.50000 0.00195 0.00533 0.75504 0.75495 0.77674 0.77666 0.74232 0.00000 0
-0.50000 -0.50000 0.00197 0.00528 0.75363 0.75374 0.77561 0.77570 0.73767 0.00000 0
-0.50000 -0.50000 0.00200 0.00523 0.75255 0.75283 0.77475 0.77499 0.73308 0.00000 0
-0.50000 -0.50000 0.00203 0.00519 0.75183 0.75224 0.77418 0.77453 0.72856 0.00000 0
-0.50000 -0.50000 0.00205 0.00515 0.75144 0.75194 0.77387 0.77430 0.72410 0.00000 0
-0.50000 -0.50000 0.00208 0.00511 0.75137 0.75194 0.77382 0.77430 0.71971 0.00000 0
-0.50000 -0.50000 0.00211 0.00508 0.75161 0.75219 0.77400 0.77450 0.71538 0.00000 0
-0.50000 -0.50000 0.00213 0.00505 0.75211 0.75268 0.77439 0.77488 0.71111 0.00000 0
-0.50000 -0.50000 0.00216 0.00502 0.75283 0.75336 0.77497 0.77542 0.70690 0.00000 0
-0.50000 -0.50000 0.00218 0.00500 0.75373 0.75421 0.77569 0.77609 0.70275 0.00000 0
-0.50000 -0.50000 0.00221 0.00497 0.75478 0.75518 0.77652 0.77686 0.69864 0.00000 0
-0.50000 -0.50000 0.00223 0.00495 0.75592 0.75624 0.77742 0.77770 0.69457 0.00000 0
-0.50000 -0.50000 0.00226 0.00493 0.75711 0.75735 0.77837 0.77858 0.69054 0.00000 0
-0.50000 -0.50000 0.00228 0.00491 0.75831 0.75847 0.77933 0.77946 0.68654 0.00000 0
-0.50000 -0.50000 0.00231 0.00488 0.75949 0.75957 0.78027 0.78034 0.68256 0.00000 0
-0.50000 -0.50000 0.00233 0.00486 0.76062 0.76063 0.78116 0.78118 0.67860 0.00000 0
-0.50000 -0.50000 0.00236 0.00483 0.76166 0.76161 0.78200 0.78196 0.67465 0.00000 0
-0.50000 -0.50000 0.00238 0.00481 0.76259 0.76250 0.78274 0.78266 0.67070 0.00000 0
-0.50000 -0.50000 0.00241 0.00478 0.76341 0.76328 0.78339 0.78328 0.66677 0.00000 0
-0.50000 -0.50000 0.00244 0.00476 0.76409 0.76393 0.78394 0.78380 0.66283 0.00000 0
-0.50000 -0.50000 0.00246 0.00473 0.76463 0.76446 0.78437 0.78422 0.65889 0.00000 0
-0.50000 -0.50000 0.00249 0.00470 0.76502 0.76485 0.78469 0.78453 0.65494 0.00000 0
-0.50000 -0.50000 0.00251 0.00468 0.76528 0.76511 0.78489 0.78474 0.65099 0.00000 0
-0.50000 -0.50000 0.00254 0.00465 0.76540 0.76524 0.78498 0.78485 0.64704 0.00000 0
-0.50000 -0.50000 0.00257 0.00462 0.76539 0.76525 0.78497 0.78485 0.64307 0.00000 0
-0.50000 -0.50000 0.00260 0.00459 0.76526 0.76514 0.78487 0.78477 0.63909 0.00000 0
-0.50000 -0.50000 0.00262 0.00456 0.76503 0.76494 0.78469 0.78461 0.63511 0.00000 0
-0.50000 -0.50000 0.00265 0.00454 0.76472 0.76465 0.78443 0.78437 0.63112 0.00000 0
-0.50000 -0.50000 0.00268 0.00451 0.76433 0.76428 0.78412 0.78408 0.62712 0.00000 0
-0.50000 -0.50000 0.00271 0.00448 0.76388 0.76386 0.78377 0.78375 0.62312 0.00000 0
-0.50000 -0.50000 0.00274 0.00446 0.76340 0.76340 0.78338 0.78338 0.61911 0.00000 0
-0.50000 -0.50000 0.00276 0.00443 0.76290 0.76291 0.78298 0.78299 0.61510 0.00000 0
-0.50000 -0.50000 0.00279 0.00441 0.76239 0.76242 0.78257 0.78260 0.61109 0.00000 0
-0.50000 -0.50000 0.00282 0.00439 0.76189 0.76193 0.78217 0.78221 0.60708 0.00000 0
-0.50000 -0.50000 0.00285 0.00436 0.76141 0.76146 0.78179 0.78184 0.60308 0.00000 0
-0.50000 -0.50000 0.00288 0.00434 0.76097 0.76102 0.78144 0.78149 0.59908 0.00000 0
-0.50000 -0.50000 0.00291 0.00432 0.76057 0.76063 0.78112 0.78117 0.59509 0.00000 0
-0.50000 -0.50000 0.00294 0.00430 0.76022 0.76028 0.78085 0.78089 0.59111 0.00000 0
-0.50000 -0.50000 0.00296 0.00428 0.75993 0.75998 0.78062 0.78066 0.58714 0.00000 0
-0.50000 -0.50000 0.00299 0.00425 0.75970 0.75975 0.78043 0.78047 0.58319 0.00000 0
-0.50000 -0.50000 0.00302 0.00423 0.75954 0.75957 0.78030 0.78033 0.57924 0.00000 0
-0.50000 -0.50000 0.00305 0.00421 0.75943 0.75946 0.78022 0.78024 0.57531 0.00000 0
-0.50000 -0.50000 0.00308 0.00419 0.75938 0.75941 0.78018 0.78020 0.57139 0.00000 0
-0.50000 -0.50000 0.00311 0.00417 0.75940 0.75941 0.78019 0.78020 0.56748 0.00000 0
-0.50000 -0.50000 0.00314 0.00416 0.75946 0.75946 0.78024 0.78024 0.56358 0.00000 0
-0.50000 -0.50000 0.00317 0.00414 0.75956 0.75956 0.78032 0.78032 0.55970 0.00000 0
-0.50000 -0.50000 0.00320 0.00412 0.75971 0.75970 0.78044 0.78043 0.55583 0.00000 0
-0.50000 -0.50000 0.00323 0.00410 0.75988 0.75987 0.78058 0.78057 0.55197 0.00000 0
-0.50000 -0.50000 0.00113 0.00536 0.76157 0.76152 0.78192 0.78188 0.89061 1.00000 0
-0.50000 -0.50000 0.00112 0.00479 0.76247 0.76254 0.78264 0.78270 0.89391 1.00000 0
-0.50000 -0.50000 0.00112 0.00417 0.76429 0.76444 0.78409 0.78422 0.89709 0.00000 0
-0.50000 -0.50000 0.00112 0.00359 0.76658 0.76677 0.78592 0.78608 0.89681 0.00000 0
-0.50000 -0.50000 0.00113 0.00306 0.76944 0.76965 0.78821 0.78839 0.89613 1.00000 0
-0.50000 -0.50000 0.00113 0.00256 0.77267 0.77287 0.79081 0.79098 0.89486 1.00000 0
-0.50000 -0.50000 0.00114 0.00209 0.77609 0.77627 0.79357 0.79373 0.89342 1.00000 0
-0.50000 -0.50000 0.00114 0.00164 0.77953 0.77967 0.79636 0.79648 0.89181 1.00000 0
-0.50000 -0.50000 0.00115 0.00121 0.78281 0.78291 0.79903 0.79911 0.89003 1.00000 0
-0.50000 -0.50000 0.00116 0.00084 0.78579 0.78584 0.80146 0.80151 0.88837 1.00000 0
-0.50000 -0.50000 0.00116 0.00057 0.78841 0.78827 0.80361 0.80349 0.88665 1.00000 0
-0.50000 -0.50000 0.00117 0.00038 0.79061 0.79006 0.80543 0.80494 0.88489 1.00000 0
-0.50000 -0.50000 0.00118 0.00029 0.79224 0.79124 0.80679 0.80589 0.88311 1.00000 0
-0.50000 -0.50000 0.00119 0.00030 0.79326 0.79180 0.80764 0.80634 0.88130 1.00000 0
-0.50000 -0.50000 0.00120 0.00042 0.79370 0.79178 0.80802 0.80631 0.87947 0.00000 0
-0.50000 -0.50000 0.00120 0.00069 0.79364 0.79121 0.80799 0.80583 0.87760 0.00000 0
-0.50000 -0.50000 0.00121 0.00109 0.79314 0.79009 0.80760 0.80489 0.87567 0.00000 0
-0.50000 -0.50000 0.00123 0.00156 0.79226 0.78857 0.80690 0.80362 0.87364 0.00000 0
-0.50000 -0.50000 0.00124 0.00204 0.79103 0.78693 0.80591 0.80226 0.87151 0.00000 0
-0.50000 -0.50000 0.00125 0.00245 0.78949 0.78534 0.80464 0.80097 0.86926 0.00000 0
-0.50000 -0.50000 0.00126 0.00276 0.78777 0.78387 0.80322 0.79977 0.86687 0.00000 0
-0.50000 -0.50000 0.00127 0.00292 0.78595 0.78258 0.80172 0.79874 0.86434 0.00000 0
-0.50000 -0.50000 0.00129 0.00298 0.78402 0.78163 0.80011 0.79800 0.86169 0.00000 0
-0.50000 -0.50000 0.00130 0.00297 0.78207 0.78100 0.79847 0.79754 0.85891 0.00000 0
-0.50000 -0.50000 0.00132 0.00294 0.78025 0.78059 0.79695 0.79725 0.85602 0.00000 0
-0.50000 -0.50000 0.00133 0.00290 0.77869 0.78035 0.79563 0.79710 0.85303 0.00000 0
-0.50000 -0.50000 0.00135 0.00285 0.77746 0.78026 0.79459 0.79705 0.84992 0.00000 0
-0.50000 -0.50000 0.00137 0.00279 0.77660 0.78029 0.79387 0.79710 0.84671 0.00000 0
-0.50000 -0.50000 0.00138 0.00273 0.77614 0.78043 0.79347 0.79724 0.84338 0.00000 0
-0.50000 -0.50000 0.00140 0.00268 0.77605 0.78067 0.79339 0.79744 0.83994 0.00000 0
-0.50000 -0.50000 0.00142 0.00263 0.77632 0.78100 0.79360 0.79771 0.83638 0.00000 0
-0.50000 -0.50000 0.00144 0.00258 0.77688 0.78139 0.79406 0.79803 0.83270 0.00000 0
-0.50000 -0.50000 0.00146 0.00254 0.77768 0.78184 0.79472 0.79838 0.82889 0.00000 0
-0.50000 -0.50000 0.00148 0.00250 0.77866 0.78231 0.79553 0.79874 0.82495 0.00000 0
-0.50000 -0.50000 0.00150 0.00246 0.77973 0.78278 0.79642 0.79911 0.82088 0.00000 0
-0.50000 -0.50000 0.00152 0.00242 0.78085 0.78325 0.79735 0.79947 0.81667 0.00000 0
-0.50000 -0.50000 0.00154 0.00238 0.78182 0.78355 0.79817 0.79969 0.81235 0.00000 0
-0.50000 -0.50000 0.00157 0.00233 0.78250 0.78358 0.79875 0.79970 0.80792 0.00000 0
-0.50000 -0.50000 0.00159 0.00229 0.78282 0.78329 0.79902 0.79944 0.80339 0.00000 0
-0.50000 -0.50000 0.00162 0.00224 0.78272 0.78265 0.79896 0.79891 0.79879 0.00000 0
-0.50000 -0.50000 0.00164 0.00218 0.78221 0.78168 0.79856 0.79810 0.79412 0.00000 0
-0.50000 -0.50000 0.00167 0.00211 0.78126 0.78035 0.79780 0.79701 0.78938 0.00000 0
-0.50000 -0.50000 0.00170 0.00204 0.77988 0.77869 0.79670 0.79565 0.78459 0.00000 0
-0.50000 -0.50000 0.00173 0.00196 0.77812 0.77674 0.79528 0.79407 0.77976 0.00000 0
-0.50000 -0.50000 0.00175 0.00187 0.77604 0.77455 0.79360 0.79229 0.77490 0.00000 0
-0.50000 -0.50000 0.00178 0.00179 0.77371 0.77220 0.79171 0.79039 0.77000 0.00000 0
-0.50000 -0.50000 0.00181 0.00170 0.77120 0.76973 0.78969 0.78841 0.76509 0.00000 0
-0.50000 -0.50000 0.00184 0.00161 0.76860 0.76724 0.78759 0.78641 0.76017 0.00000 0
-0.50000 -0.50000 0.00187 0.00152 0.76598 0.76478 0.78549 0.78445 0.75525 0.00000 0
-0.50000 -0.50000 0.00190 0.00144 0.76342 0.76241 0.78343 0.78256 0.75034 0.00000 0
-0.50000 -0.50000 0.00193 0.00136 0.76099 0.76020 0.78148 0.78081 0.74545 0.00000 0
-0.50000 -0.50000 0.00196 0.00129 0.75875 0.75819 0.77969 0.77922 0.74059 0.00000 0
-0.50000 -0.50000 0.00199 0.00121 0.75676 0.75643 0.77811 0.77782 0.73577 0.00000 0
-0.50000 -0.50000 0.00201 0.00115 0.75506 0.75494 0.77675 0.77665 0.73100 0.00000 0
-0.50000 -0.50000 0.00204 0.00109 0.75367 0.75375 0.77565 0.77571 0.72629 0.00000 0
-0.50000 -0.50000 0.00207 0.00104 0.75263 0.75286 0.77482 0.77502 0.72163 0.00000 0
-0.50000 -0.50000 0.00210 0.00099 0.75192 0.75229 0.77425 0.77457 0.71705 0.00000 0
-0.50000 -0.50000 0.00213 0.00095 0.75155 0.75201 0.77396 0.77435 0.71253 0.00000 0
-0.50000 -0.50000 0.00215 0.00091 0.75150 0.75201 0.77392 0.77436 0.70808 0.00000 0
-0.50000 -0.50000 0.00218 0.00087 0.75174 0.75228 0.77411 0.77457 0.70369 0.00000 0
-0.50000 -0.50000 0.00221 0.00084 0.75224 0.75277 0.77450 0.77496 0.69937 0.00000 0
-0.50000 -0.50000 0.00223 0.00081 0.75296 0.75346 0.77507 0.77550 0.69511 0.00000 0
-0.50000 -0.50000 0.00226 0.00079 0.75386 0.75431 0.77579 0.77617 0.69090 0.00000 0
-0.50000 -0.50000 0.00228 0.00076 0.75489 0.75528 0.77661 0.77694 0.68674 0.00000 0
-0.50000 -0.50000 0.00231 0.00074 0.75602 0.75634 0.77750 0.77777 0.68262 0.00000 0
-0.50000 -0.50000 0.00234 0.00072 0.75720 0.75744 0.77844 0.77865 0.67855 0.00000 0
-0.50000 -0.50000 0.00236 0.00070 0.75839 0.75855 0.77939 0.77953 0.67450 0.00000 0
-0.50000 -0.50000 0.00239 0.00068 0.75955 0.75964 0.78032 0.78039 0.67047 0.00000 0
-0.50000 -0.50000 0.00241 0.00066 0.76066 0.76068 0.78120 0.78122 0.66647 0.00000 0
-0.50000 -0.50000 0.00244 0.00064 0.76169 0.76165 0.78202 0.78199 0.66248 0.00000 0
-0.50000 -0.50000 0.00247 0.00062 0.76261 0.76253 0.78276 0.78269 0.65850 0.00000 0
-0.50000 -0.50000 0.00249 0.00060 0.76341 0.76329 0.78340 0.78329 0.65452 0.00000 0
-0.50000 -0.50000 0.00252 0.00058 0.76408 0.76394 0.78393 0.78381 0.65054 0.00000 0
-0.50000 -0.50000 0.00255 0.00056 0.76461 0.76445 0.78435 0.78422 0.64657 0.00000 0
-0.50000 -0.50000 0.00257 0.00054 0.76500 0.76483 0.78466 0.78452 0.64259 0.00000 0
-0.50000 -0.50000 0.00260 0.00052 0.76524 0.76508 0.78486 0.78472 0.63861 0.00000 0
-0.50000 -0.50000 0.00263 0.00050 0.76535 0.76521 0.78495 0.78482 0.63461 0.00000 0
-0.50000 -0.50000 0.00265 0.00048 0.76534 0.76521 0.78494 0.78482 0.63062 0.00000 0
-0.50000 -0.50000 0.00268 0.00047 0.76521 0.76510 0.78483 0.78473 0.62661 0.00000 0
-0.50000 -0.50000 0.00271 0.00045 0.76498 0.76489 0.78465 0.78457 0.62260 0.00000 0
-0.50000 -0.50000 0.00274 0.00043 0.76467 0.76460 0.78439 0.78433 0.61858 0.00000 0
-0.50000 -0.50000 0.00277 0.00042 0.76428 0.76423 0.78408 0.78404 0.61456 0.00000 0
-0.50000 -0.50000 0.00280 0.00040 0.76384 0.76381 0.78373 0.78371 0.61053 0.00000 0
-0.50000 -0.50000 0.00282 0.00039 0.76336 0.76336 0.78335 0.78335 0.60650 0.00000 0
-0.50000 -0.50000 0.00285 0.00038 0.76286 0.76287 0.78295 0.78296 0.60247 0.00000 0
-0.50000 -0.50000 0.00288 0.00036 0.76236 0.76238 0.78255 0.78257 0.59844 0.00000 0
-0.50000 -0.50000 0.00291 0.00035 0.76186 0.76190 0.78215 0.78219 0.59441 0.00000 0
-0.50000 -0.50000 0.00294 0.00034 0.76139 0.76144 0.78178 0.78182 0.59039 0.00000 0
-0.50000 -0.50000 0.00297 0.00033 0.76095 0.76101 0.78143 0.78147 0.58638 0.00000 0
-0.50000 -0.50000 0.00300 0.00032 0.76056 0.76061 0.78112 0.78116 0.58237 0.00000 0
-0.50000 -0.50000 0.00303 0.00031 0.76022 0.76027 0.78085 0.78089 0.57837 0.00000 0
-0.50000 -0.50000 0.00306 0.00030 0.75993 0.75998 0.78062 0.78066 0.57439 0.00000 0
-0.50000 -0.50000 0.00309 0.00030 0.75971 0.75975 0.78044 0.78048 0.57041 0.00000 0
-0.50000 -0.50000 0.00312 0.00029 0.75955 0.75958 0.78031 0.78034 0.56645 0.00000 0
-0.50000 -0.50000 0.00315 0.00028 0.75945 0.75947 0.78023 0.78025 0.56250 0.00000 0
-0.50000 -0.50000 0.00318 0.00027 0.75940 0.75942 0.78020 0.78021 0.55857 0.00000 0
-0.50000 -0.50000 0.00321 0.00027 0.75941 0.75943 0.78021 0.78022 0.55465 0.00000 0
-0.50000 -0.50000 0.00324 0.00026 0.75948 0.75948 0.78026 0.78026 0.55074 0.00000 0
-0.50000 -0.50000 0.00327 0.00026 0.75958 0.75958 0.78034 0.78034 0.54685 0.00000 0
-0.50000 -0.50000 0.00330 0.00025 0.75973 0.75972 0.78046 0.78045 0.54296 0.00000 0
-0.50000 -0.50000 0.00333 0.00024 0.75990 0.75989 0.78060 0.78059 0.53909 0.00000 0
-0.50000 -0.50000 0.00114 0.00235 0.75497 0.76250 0.77614 0.78264 0.89083 1.00000 0
-0.50000 -0.50000 0.00114 0.00212 0.75605 0.76513 0.77691 0.78476 0.89175 1.00000 0
-0.50000 -0.50000 0.00113 0.00192 0.75842 0.76849 0.77874 0.78748 0.89243 1.00000 0
-0.50000 -0.50000 0.00113 0.00175 0.76189 0.77226 0.78148 0.79052 0.89295 1.00000 0
-0.50000 -0.50000 0.00113 0.00162 0.76617 0.77612 0.78494 0.79364 0.89337 1.00000 0
-0.50000 -0.50000 0.00113 0.00156 0.77094 0.77988 0.78884 0.79669 0.89368 1.00000 0
-0.50000 -0.50000 0.00113 0.00156 0.77576 0.78331 0.79283 0.79949 0.89284 1.00000 0
-0.50000 -0.50000 0.00113 0.00156 0.77692 0.78366 0.79383 0.79977 0.89284 1.00000 0
-0.50000 -0.50000 0.00113 0.00156 0.77713 0.78350 0.79405 0.79966 0.89284 1.00000 0
-0.50000 -0.50000 0.00113 0.00156 0.77715 0.78329 0.79411 0.79952 0.89284 1.00000 0
-0.50000 -0.50000 0.00113 0.00156 0.77719 0.78309 0.79419 0.79939 0.89284 1.00000 0
-0.50000 -0.50000 0.00113 0.00156 0.77725 0.78290 0.79428 0.79925 0.89284 1.00000 0
-0.50000 -0.50000 0.00113 0.00156 0.77731 0.78271 0.79437 0.79913 0.89284 1.00000 0
-0.50000 -0.50000 0.00113 0.00156 0.77738 0.78254 0.79446 0.79900 0.89284 1.00000 0
-0.50000 -0.50000 0.00113 0.00156 0.77743 0.78239 0.79453 0.79889 0.89284 1.00000 0
-0.50000 -0.50000 0.00113 0.00156 0.77747 0.78225 0.79459 0.79879 0.89284 1.00000 0
-0.50000 -0.50000 0.00113 0.00156 0.77750 0.78214 0.79462 0.79870 0.89284 1.00000 0
-0.50000 -0.50000 0.00113 0.00156 0.77751 0.78205 0.79464 0.79862 0.89284 1.00000 0
-0.50000 -0.50000 0.00113 0.00156 0.77752 0.78198 0.79464 0.79856 0.89284 1.00000 0
-0.50000 -0.50000 0.00113 0.00156 0.77751 0.78195 0.79462 0.79852 0.89284 1.00000 0
-0.50000 -0.50000 0.00113 0.00156 0.77750 0.78194 0.79460 0.79850 0.89284 1.00000 0
-0.50000 -0.50000 0.00113 0.00156 0.77748 0.78195 0.79457 0.79850 0.89284 1.00000 0
-0.50000 -0.50000 0.00113 0.00156 0.77746 0.78200 0.79453 0.79852 0.89284 1.00000 0
-0.50000 -0.50000 0.00113 0.00156 0.77744 0.78206 0.79449 0.79856 0.89284 1.00000 0
-0.50000 -0.50000 0.00113 0.00156 0.77741 0.78215 0.79444 0.79861 0.89284 1.00000 0
-0.50000 -0.50000 0.00113 0.00156 0.77739 0.78225 0.79441 0.79868 0.89284 1.00000 0
-0.50000 -0.50000 0.00113 0.00156 0.77737 0.78235 0.79437 0.79876 0.89284 1.00000 0
-0.50000 -0.50000 0.00113 0.00156 0.77729 0.78243 0.79429 0.79881 0.89284 1.00000 0
-0.50000 -0.50000 0.00113 0.00156 0.77722 0.78248 0.79422 0.79886 0.89284 1.00000 0
-0.50000 -0.50000 0.00113 0.00156 0.77718 0.78253 0.79419 0.79889 0.89284 1.00000 0
-0.50000 -0.50000 0.00113 0.00156 0.77718 0.78257 0.79418 0.79893 0.89284 1.00000 0
-0.50000 -0.50000 0.00113 0.00156 0.77720 0.78261 0.79420 0.79897 0.89284 1.00000 0
-0.50000 -0.50000 0.00113 0.00156 0.77724 0.78265 0.79424 0.79900 0.89284 1.00000 0
-0.50000 -0.50000 0.00113 0.00156 0.77728 0.78267 0.79429 0.79903 0.89284 1.00000 0
-0.50000 -0.50000 0.00113 0.00156 0.77732 0.78269 0.79433 0.79905 0.89284 1.00000 0
-0.50000 -0.50000 0.00113 0.00156 0.77735 0.78271 0.79436 0.79908 0.89284 1.00000 0
-0.50000 -0.50000 0.00113 0.00156 0.77736 0.78272 0.79438 0.79909 0.89284 1.00000 0
-0.50000 -0.50000 0.00113 0.00156 0.77726 0.78286 0.79429 0.79922 0.89284 1.00000 0
-0.50000 -0.50000 0.00113 0.00156 0.77704 0.78298 0.79409 0.79932 0.89284 1.00000 0
-0.50000 -0.50000 0.00113 0.00156 0.77673 0.78303 0.79382 0.79937 0.89284 1.00000 0
-0.50000 -0.50000 0.00113 0.00156 0.77639 0.78295 0.79353 0.79930 0.89284 1.00000 0
-0.50000 -0.50000 0.00113 0.00156 0.77602 0.78266 0.79321 0.79906 0.89284 1.00000 0
-0.50000 -0.50000 0.00113 0.00156 0.77557 0.78211 0.79284 0.79860 0.89284 1.00000 0
-0.50000 -0.50000 0.00113 0.00156 0.77505 0.78126 0.79243 0.79789 0.89284 1.00000 0
-0.50000 -0.50000 0.00113 0.00156 0.77447 0.78007 0.79199 0.79691 0.89284 1.00000 0
-0.50000 -0.50000 0.00113 0.00156 0.77377 0.77851 0.79146 0.79561 0.89284 1.00000 0
-0.50000 -0.50000 0.00113 0.00156 0.77294 0.77665 0.79084 0.79409 0.89284 1.00000 0
-0.50000 -0.50000 0.00113 0.00156 0.77196 0.77457 0.79010 0.79239 0.89284 1.00000 0
-0.50000 -0.50000 0.00113 0.00156 0.77083 0.77235 0.78925 0.79058 0.89284 1.00000 0
-0.50000 -0.50000 0.00113 0.00156 0.76958 0.77005 0.78830 0.78871 0.89283 1.00000 0
-0.50000 -0.50000 0.00113 0.00156 0.76821 0.76774 0.78726 0.78684 0.89283 1.00000 0
-0.50000 -0.50000 0.00113 0.00156 0.76676 0.76547 0.78614 0.78502 0.89283 1.00000 0
-0.50000 -0.50000 0.00113 0.00156 0.76526 0.76330 0.78497 0.78328 0.89283 1.00000 0
-0.50000 -0.50000 0.00113 0.00156 0.76373 0.76127 0.78378 0.78166 0.89283 1.00000 0
-0.50000 -0.50000 0.00113 0.00156 0.76221 0.75944 0.78259 0.78020 0.89283 1.00000 0
-0.50000 -0.50000 0.00113 0.00156 0.76076 0.75782 0.78144 0.77891 0.89283 1.00000 0
-0.50000 -0.50000 0.00113 0.00156 0.75939 0.75645 0.78035 0.77782 0.89284 1.00000 0
-0.50000 -0.50000 0.00113 0.00156 0.75815 0.75534 0.77936 0.77695 0.89284 1.00000 0
-0.50000 -0.50000 0.00113 0.00156 0.75708 0.75451 0.77849 0.77629 0.89284 1.00000 0
-0.50000 -0.50000 0.00113 0.00156 0.75619 0.75395 0.77777 0.77585 0.89284 1.00000 0
-0.50000 -0.50000 0.00113 0.00156 0.75551 0.75367 0.77721 0.77563 0.89284 1.00000 0
-0.50000 -0.50000 0.00113 0.00156 0.75506 0.75364 0.77683 0.77561 0.89284 1.00000 0
-0.50000 -0.50000 0.00113 0.00156 0.75484 0.75386 0.77663 0.77578 0.89284 1.00000 0
-0.50000 -0.50000 0.00113 0.00156 0.75486 0.75429 0.77661 0.77612 0.89284 1.00000 0
-0.50000 -0.50000 0.00113 0.00156 0.75509 0.75491 0.77678 0.77662 0.89284 1.00000 0
-0.50000 -0.50000 0.00113 0.00156 0.75553 0.75569 0.77711 0.77724 0.89284 1.00000 0
-0.50000 -0.50000 0.00113 0.00156 0.75655 0.75652 0.77790 0.77787 0.89284 1.00000 0
-0.50000 -0.50000 0.00113 0.00155 0.75799 0.75732 0.77904 0.77846 0.89284 1.00000 0
-0.50000 -0.50000 0.00113 0.00155 0.75979 0.75807 0.78047 0.77898 0.89284 1.00000 0
-0.50000 -0.50000 0.00113 0.00155 0.76184 0.75876 0.78210 0.77945 0.89284 1.00000 0
-0.50000 -0.50000 0.00113 0.00155 0.76403 0.75945 0.78387 0.77990 0.89284 1.00000 0
-0.50000 -0.50000 0.00113 0.00155 0.76628 0.76017 0.78568 0.78039 0.89284 1.00000 0
-0.50000 -0.50000 0.00113 0.00155 0.76847 0.76097 0.78745 0.78094 0.89284 1.00000 0
-0.50000 -0.50000 0.00113 0.00155 0.77051 0.76189 0.78911 0.78161 0.89284 1.00000 0
-0.50000 -0.50000 0.00113 0.00155 0.77231 0.76294 0.79057 0.78241 0.89284 1.00000 0
-0.50000 -0.50000 0.00113 0.00155 0.77379 0.76413 0.79177 0.78335 0.89284 1.00000 0
-0.50000 -0.50000 0.00113 0.00155 0.77487 0.76544 0.79266 0.78443 0.89284 1.00000 0
-0.50000 -0.50000 0.00113 0.00156 0.77475 0.76710 0.79252 0.78584 0.89284 1.00000 0
-0.50000 -0.50000 0.00113 0.00155 0.77368 0.76874 0.79158 0.78726 0.89284 1.00000 0
-0.50000 -0.50000 0.00113 0.00155 0.77180 0.77015 0.78996 0.78852 0.89284 1.00000 0
-0.50000 -0.50000 0.00113 0.00155 0.76925 0.77123 0.78779 0.78952 0.89284 1.00000 0
-0.50000 -0.50000 0.00113 0.00155 0.76619 0.77192 0.78521 0.79020 0.89284 1.00000 0
-0.50000 -0.50000 0.00113 0.00155 0.76281 0.77220 0.78236 0.79054 0.89284 1.00000 0
-0.50000 -0.50000 0.00113 0.00155 0.75929 0.77207 0.77942 0.79053 0.89284 1.00000 0
-0.50000 -0.50000 0.00113 0.00155 0.75586 0.77155 0.77658 0.79019 0.89284 1.00000 0
-0.50000 -0.50000 0.00113 0.00155 0.75274 0.77067 0.77402 0.78955 0.89284 1.00000 0
-0.50000 -0.50000 0.00113 0.00155 0.75013 0.76948 0.77191 0.78863 0.89283 1.00000 0
-0.50000 -0.50000 0.00113 0.00155 0.74822 0.76805 0.77040 0.78750 0.89283 1.00000 0
-0.50000 -0.50000 0.00113 0.00156 0.74715 0.76643 0.76961 0.78620 0.89283 1.00000 0
-0.50000 -0.50000 0.00113 0.00156 0.74690 0.76461 0.76951 0.78474 0.89284 1.00000 0
-0.50000 -0.50000 0.00113 0.00156 0.74732 0.76272 0.76996 0.78319 0.89284 1.00000 0
-0.50000 -0.50000 0.00113 0.00156 0.74824 0.76085 0.77084 0.78166 0.89284 1.00000 0
-0.50000 -0.50000 0.00113 0.00156 0.74952 0.75909 0.77200 0.78021 0.89284 1.00000 0
-0.50000 -0.50000 0.00113 0.00156 0.75104 0.75749 0.77335 0.77888 0.89284 1.00000 0
-0.50000 -0.50000 0.00113 0.00156 0.75268 0.75612 0.77479 0.77774 0.89284 1.00000 0
-0.50000 -0.50000 0.00113 0.00156 0.75434 0.75502 0.77623 0.77681 0.89284 1.00000 0
-0.50000 -0.50000 0.00113 0.00156 0.75596 0.75422 0.77762 0.77613 0.89284 1.00000 0
-0.50000 -0.50000 0.00113 0.00156 0.75749 0.75373 0.77892 0.77570 0.89284 1.00000 0
-0.50000 -0.50000 0.00113 0.00156 0.75888 0.75357 0.78008 0.77553 0.89284 1.00000 0
-0.50000 -0.50000 0.00113 0.00155 0.76011 0.75372 0.78110 0.77561 0.89284 1.00000 0
-0.50000 -0.50000 0.00113 0.00155 0.76119 0.75416 0.78197 0.77593 0.89284 1.00000 1
