0.10000 0.50088 0.49912 0.00114 0.00078 0.76100 0.76096 0.78147 0.78143 0.89089 1.00000 1
0.10000 0.50603 0.49397 0.00113 0.00552 0.76087 0.76090 0.78136 0.78139 0.89049 1.00000 1
0.10000 0.49646 0.50354 0.00114 -0.00342 0.76762 0.76175 0.78704 0.78197 0.89012 1.00000 1
0.10000 0.50103 0.49897 0.00114 0.00092 0.76082 0.76076 0.78133 0.78127 0.89036 1.00000 1
0.10000 0.49839 0.50161 0.00114 -0.00155 0.76093 0.76102 0.78141 0.78149 0.89018 1.00000 1
0.10000 0.49144 0.50856 0.00114 -0.00765 0.74937 0.75858 0.77174 0.77965 0.89070 1.00000 1
0.10000 0.49896 0.50104 0.00114 -0.00094 0.76083 0.76089 0.78133 0.78138 0.89039 1.00000 1
0.10000 0.49839 0.50161 0.00114 -0.00155 0.76093 0.76102 0.78141 0.78149 0.89018 1.00000 1
0.10000 0.49896 0.50104 0.00114 -0.00093 0.76077 0.76083 0.78129 0.78134 0.89025 1.00000 1
0.10000 0.50071 0.49929 0.00114 0.00060 0.76078 0.76070 0.78130 0.78123 0.89010 1.00000 1
0.10000 0.50071 0.49929 0.00114 0.00060 0.76078 0.76070 0.78130 0.78123 0.89010 1.00000 1
0.10000 0.50088 0.49912 0.00114 0.00078 0.76100 0.76096 0.78147 0.78143 0.89089 1.00000 1
0.10000 0.50603 0.49397 0.00113 0.00552 0.76087 0.76090 0.78136 0.78139 0.89049 1.00000 1
0.10000 0.49646 0.50354 0.00114 -0.00342 0.76762 0.76175 0.78704 0.78197 0.89012 1.00000 1
0.10000 0.50103 0.49897 0.00114 0.00092 0.76082 0.76076 0.78133 0.78127 0.89036 1.00000 1
0.10000 0.50088 0.49912 0.00114 0.00078 0.76100 0.76096 0.78147 0.78143 0.89089 1.00000 1
0.10000 0.50603 0.49397 0.00113 0.00552 0.76087 0.76090 0.78136 0.78139 0.89049 1.00000 1
0.10000 0.50232 0.49768 0.00114 0.00204 0.75466 0.76331 0.77583 0.78329 0.89072 1.00000 1
0.10000 0.50071 0.49929 0.00114 0.00060 0.76078 0.76070 0.78130 0.78123 0.89010 1.00000 1
0.10000 0.50071 0.49929 0.00114 0.00060 0.76078 0.76070 0.78130 0.78123 0.89010 1.00000 1
