0.20000 -0.50000 -0.50000 -1.00000 0.00000 0.76608 0.76607 0.78553 0.78552 0.64410 0.00000 0
0.20000 -0.50000 -0.50000 -1.00000 0.00000 0.76609 0.76608 0.78553 0.78552 0.64082 0.00000 0
0.20000 -0.50000 -0.50000 -1.00000 0.00000 0.76609 0.76608 0.78553 0.78552 0.63372 0.00000 0
0.20000 -0.50000 -0.50000 -1.00000 0.00000 0.76608 0.76607 0.78552 0.78552 0.65419 0.00000 0
0.20000 -0.50000 -0.50000 -1.00000 0.00000 0.76608 0.76607 0.78553 0.78552 0.64409 0.00000 0
0.20000 -0.50000 -0.50000 -1.00000 0.00000 0.76735 0.76638 0.78656 0.78571 0.65403 0.00000 0
0.20000 -0.50000 -0.50000 -1.00000 0.00000 0.76608 0.76607 0.78553 0.78552 0.64409 0.00000 0
0.20000 -0.50000 -0.50000 -1.00000 0.00000 0.76608 0.76607 0.78553 0.78552 0.64409 0.00000 0
0.20000 -0.50000 -0.50000 -1.00000 0.00000 0.76570 0.76588 0.78523 0.78538 0.68903 0.00000 0
0.20000 -0.50000 -0.50000 -1.00000 0.00000 0.76608 0.76608 0.78553 0.78552 0.65409 0.00000 0
0.20000 -0.50000 -0.50000 -1.00000 0.00000 0.76314 0.75171 0.78331 0.77345 0.64439 0.00000 0
0.20000 -0.50000 -0.50000 -1.00000 0.00000 0.76159 0.76465 0.78189 0.78454 0.63614 0.00000 0
0.20000 -0.50000 -0.50000 -1.00000 0.00000 0.76609 0.76609 0.78553 0.78553 0.63476 0.00000 0
