0 0 1 0 0 0 0 -0.50000 -0.50000 -1.00000 0.00000 0.76608 0.76607 0.78553 0.78552 0.64387 0.00000 0
0 0 1 0 0 0 0 -0.50000 -0.50000 -1.00000 0.00000 0.76609 0.76608 0.78553 0.78552 0.64382 0.00000 0
0 0 1 0 0 0 0 -0.50000 -0.50000 -1.00000 0.00000 0.76117 0.75147 0.78182 0.77347 0.65478 0.00000 0
0 0 1 0 0 0 0 -0.50000 -0.50000 -1.00000 0.00000 0.76615 0.76618 0.78558 0.78560 0.69335 0.00000 0
0 0 1 0 0 0 0 -0.50000 -0.50000 -1.00000 0.00000 0.76803 0.76704 0.78714 0.78627 0.68287 0.00000 0
0 0 1 0 0 0 0 -0.50000 -0.50000 -1.00000 0.00000 0.76615 0.76618 0.78558 0.78560 0.69335 0.00000 0
0 0 1 0 0 0 0 -0.50000 -0.50000 -1.00000 0.00000 0.76608 0.76607 0.78553 0.78552 0.64387 0.00000 0
0 0 1 0 0 0 0 -0.50000 -0.50000 -1.00000 0.00000 0.76609 0.76608 0.78553 0.78552 0.64382 0.00000 0
0 0 1 0 0 0 0 -0.50000 -0.50000 -1.00000 0.00000 0.76117 0.75147 0.78182 0.77347 0.65478 0.00000 0
0 0 1 0 0 0 0 -0.50000 -0.50000 -1.00000 0.00000 0.76608 0.76607 0.78553 0.78552 0.64387 0.00000 0
0 0 1 0 0 0 0 -0.50000 -0.50000 -1.00000 0.00000 0.76609 0.76608 0.78553 0.78552 0.64382 0.00000 0
