0.00000 0.00000 0.00000 0.01251 -0.81838 0.75874 0.75874 0.77937 0.77937 0.00000 0.00000 1
0.10000 0.50088 0.49912 0.00114 0.00078 0.76100 0.76096 0.78147 0.78143 0.89089 1.00000 1
0.20000 -0.50000 -0.50000 -1.00000 0.00000 0.76608 0.76607 0.78553 0.78552 0.64387 0.00000 0
0.00000 -0.50000 -0.50000 0.00259 0.00201 0.76604 0.76603 0.78549 0.78548 0.64011 0.00000 1
0.10000 0.50603 0.49397 0.00113 0.00552 0.76087 0.76090 0.78136 0.78139 0.89049 1.00000 1
0.20000 -0.50000 -0.50000 -1.00000 0.00000 0.76609 0.76608 0.78553 0.78552 0.64382 0.00000 0
0.00000 -0.50000 -0.50000 0.02594 -0.63495 0.76604 0.76603 0.78549 0.78548 0.64006 0.00000 1
0.10000 0.49646 0.50354 0.00114 -0.00342 0.76762 0.76175 0.78704 0.78197 0.89012 1.00000 1
0.20000 -0.50000 -0.50000 -1.00000 0.00000 0.76117 0.75147 0.78182 0.77347 0.65478 0.00000 0
0.00000 -0.50000 -0.50000 0.04916 -0.67437 0.76039 0.75370 0.78114 0.77539 0.65095 0.00000 1
0.10000 0.50103 0.49897 0.00114 0.00092 0.76082 0.76076 0.78133 0.78127 0.89036 1.00000 1
0.20000 -0.50000 -0.50000 -1.00000 0.00000 0.76787 0.76787 0.78697 0.78697 0.89449 1.00000 0
0.30000 0.30000 0.30000 -1.00000 0.00000 0.76313 0.00044 0.78318 0.78318 0.89449 1.00000 0
0.40000 -0.02500 0.05000 -1.00000 0.00000 0.00331 0.00395 0.78438 0.78453 0.89449 1.00000 0
0.50000 0.00000 0.00000 -1.00000 0.00000 0.00000 0.00000 0.78201 0.78200 0.00000 0.00000 0
0.00000 0.00000 0.00000 0.01251 0.68162 0.75874 0.75874 0.77937 0.77937 0.00000 0.00000 1
0.10000 0.49839 0.50161 0.00114 -0.00155 0.76093 0.76102 0.78141 0.78149 0.89018 1.00000 1
0.20000 -0.50000 -0.50000 -1.00000 0.00000 0.76615 0.76618 0.78558 0.78560 0.69335 0.00000 0
0.00000 -0.50000 -0.50000 0.00226 -0.00251 0.76612 0.76615 0.78556 0.78558 0.68968 0.00000 1
0.10000 0.49144 0.50856 0.00114 -0.00765 0.74937 0.75858 0.77174 0.77965 0.89070 1.00000 1
0.20000 -0.50000 -0.50000 -1.00000 0.00000 0.76803 0.76704 0.78714 0.78627 0.68287 0.00000 0
0.00000 -0.50000 -0.50000 0.05339 0.88780 0.76772 0.76708 0.78687 0.78631 0.67921 0.00000 1
0.10000 0.49896 0.50104 0.00114 -0.00094 0.76083 0.76089 0.78133 0.78138 0.89039 1.00000 1
0.20000 -0.50000 -0.50000 -1.00000 0.00000 0.76787 0.76787 0.78697 0.78697 0.89450 1.00000 0
0.30000 0.30000 0.30000 -1.00000 0.00000 0.00044 0.76313 0.78318 0.78318 0.89450 1.00000 0
0.40000 -0.02500 0.05000 -1.00000 0.00000 0.00000 0.00000 0.78279 0.78278 0.89450 1.00000 0
0.50000 0.00000 0.00000 -1.00000 0.00000 0.00000 0.00000 0.78204 0.78204 0.00000 0.00000 0
0.00000 0.00000 0.00000 0.01251 0.68162 0.75874 0.75874 0.77937 0.77937 0.00000 0.00000 1
0.10000 0.49839 0.50161 0.00114 -0.00155 0.76093 0.76102 0.78141 0.78149 0.89018 1.00000 1
0.20000 -0.50000 -0.50000 -1.00000 0.00000 0.76615 0.76618 0.78558 0.78560 0.69335 0.00000 0
0.00000 -0.50000 -0.50000 0.05111 0.88965 0.76612 0.76615 0.78556 0.78558 0.68968 0.00000 1
0.10000 0.49896 0.50104 0.00114 -0.00093 0.76077 0.76083 0.78129 0.78134 0.89025 1.00000 1
0.20000 -0.50000 -0.50000 -1.00000 0.00000 0.76787 0.76787 0.78697 0.78697 0.89443 1.00000 0
0.30000 0.30000 0.30000 -1.00000 0.00000 0.00044 0.76313 0.78318 0.78318 0.89443 1.00000 0
0.40000 -0.02500 0.05000 -1.00000 0.00000 0.00000 0.00000 0.78285 0.78283 0.89442 1.00000 0
0.50000 0.00000 0.00000 -1.00000 0.00000 0.00000 0.00000 0.78204 0.78204 0.62004 0.00000 0
0.00000 0.00000 0.00000 0.01251 -0.31838 0.75874 0.75874 0.77937 0.77937 0.00000 0.00000 1
0.10000 0.50071 0.49929 0.00114 0.00060 0.76078 0.76070 0.78130 0.78123 0.89010 1.00000 1
0.20000 -0.50000 -0.50000 -1.00000 0.00000 0.76810 0.76809 0.78715 0.78715 0.89356 1.00000 0
0.30000 0.30000 0.30000 -1.00000 0.00000 0.76314 0.00044 0.78318 0.78318 0.89356 1.00000 0
0.40000 0.05000 0.05000 -1.00000 0.00000 0.00001 0.00000 0.78301 0.78299 0.89356 1.00000 0
0.50000 0.00000 0.00000 -1.00000 0.00000 0.00000 0.00000 0.78204 0.78204 0.00000 0.00000 0
0.00000 0.00000 0.00000 0.01251 -0.31838 0.75874 0.75874 0.77937 0.77937 0.00000 0.00000 1
0.10000 0.50071 0.49929 0.00114 0.00060 0.76078 0.76070 0.78130 0.78123 0.89010 1.00000 1
0.20000 -0.50000 -0.50000 -1.00000 0.00000 0.76810 0.76809 0.78715 0.78715 0.89356 1.00000 0
0.30000 0.30000 0.30000 -1.00000 0.00000 0.76314 0.00044 0.78318 0.78318 0.89356 1.00000 0
0.40000 0.05000 0.05000 -1.00000 0.00000 0.00001 0.00000 0.78301 0.78299 0.89356 1.00000 0
0.50000 0.00000 0.00000 -1.00000 0.00000 0.00000 0.00000 0.78204 0.78204 0.00000 0.00000 0
0.00000 0.00000 0.00000 0.01251 -0.81838 0.75874 0.75874 0.77937 0.77937 0.00000 0.00000 1
0.10000 0.50088 0.49912 0.00114 0.00078 0.76100 0.76096 0.78147 0.78143 0.89089 1.00000 1
0.20000 -0.50000 -0.50000 -1.00000 0.00000 0.76608 0.76607 0.78553 0.78552 0.64387 0.00000 0
0.00000 -0.50000 -0.50000 0.00259 0.00201 0.76604 0.76603 0.78549 0.78548 0.64011 0.00000 1
0.10000 0.50603 0.49397 0.00113 0.00552 0.76087 0.76090 0.78136 0.78139 0.89049 1.00000 1
0.20000 -0.50000 -0.50000 -1.00000 0.00000 0.76609 0.76608 0.78553 0.78552 0.64382 0.00000 0
0.00000 -0.50000 -0.50000 0.02594 -0.63495 0.76604 0.76603 0.78549 0.78548 0.64006 0.00000 1
0.10000 0.49646 0.50354 0.00114 -0.00342 0.76762 0.76175 0.78704 0.78197 0.89012 1.00000 1
0.20000 -0.50000 -0.50000 -1.00000 0.00000 0.76117 0.75147 0.78182 0.77347 0.65478 0.00000 0
0.00000 -0.50000 -0.50000 0.04916 -0.67437 0.76039 0.75370 0.78114 0.77539 0.65095 0.00000 1
0.10000 0.50103 0.49897 0.00114 0.00092 0.76082 0.76076 0.78133 0.78127 0.89036 1.00000 1
0.20000 -0.50000 -0.50000 -1.00000 0.00000 0.76787 0.76787 0.78697 0.78697 0.89449 1.00000 0
0.30000 0.30000 0.30000 -1.00000 0.00000 0.76313 0.00044 0.78318 0.78318 0.89449 1.00000 0
0.40000 -0.02500 0.05000 -1.00000 0.00000 0.00331 0.00395 0.78438 0.78453 0.89449 1.00000 0
0.50000 0.00000 0.00000 -1.00000 0.00000 0.00000 0.00000 0.78201 0.78200 0.00000 0.00000 0
0.00000 0.00000 0.00000 0.01251 -0.81838 0.75874 0.75874 0.77937 0.77937 0.00000 0.00000 1
0.10000 0.50088 0.49912 0.00114 0.00078 0.76100 0.76096 0.78147 0.78143 0.89089 1.00000 1
0.20000 -0.50000 -0.50000 -1.00000 0.00000 0.76608 0.76607 0.78553 0.78552 0.64387 0.00000 0
0.00000 -0.50000 -0.50000 0.00259 0.00201 0.76604 0.76603 0.78549 0.78548 0.64011 0.00000 1
0.10000 0.50603 0.49397 0.00113 0.00552 0.76087 0.76090 0.78136 0.78139 0.89049 1.00000 1
0.20000 -0.50000 -0.50000 -1.00000 0.00000 0.76609 0.76608 0.78553 0.78552 0.64382 0.00000 0
0.00000 -0.50000 -0.50000 0.02650 0.87984 0.76604 0.76603 0.78549 0.78548 0.64006 0.00000 1
0.10000 0.50232 0.49768 0.00114 0.00204 0.75466 0.76331 0.77583 0.78329 0.89072 1.00000 1
0.20000 -0.50000 -0.50000 -1.00000 0.00000 0.77439 0.76822 0.79221 0.78681 0.89380 1.00000 0
0.30000 0.30000 0.30000 -1.00000 0.00000 0.20711 0.76314 0.78318 0.78319 0.89380 1.00000 0
0.40000 0.05000 -0.02500 -1.00000 0.00000 0.00095 0.00067 0.78337 0.78330 0.89380 1.00000 0
0.50000 0.00000 0.00000 -1.00000 0.00000 0.00000 0.00000 0.78202 0.78202 0.00000 0.00000 0
0.00000 0.00000 0.00000 0.01251 -0.31838 0.75874 0.75874 0.77937 0.77937 0.00000 0.00000 1
0.10000 0.50071 0.49929 0.00114 0.00060 0.76078 0.76070 0.78130 0.78123 0.89010 1.00000 1
0.20000 -0.50000 -0.50000 -1.00000 0.00000 0.76810 0.76809 0.78715 0.78715 0.89356 1.00000 0
0.30000 0.30000 0.30000 -1.00000 0.00000 0.76314 0.00044 0.78318 0.78318 0.89356 1.00000 0
0.40000 0.05000 0.05000 -1.00000 0.00000 0.00001 0.00000 0.78301 0.78299 0.89356 1.00000 0
0.50000 0.00000 0.00000 -1.00000 0.00000 0.00000 0.00000 0.78204 0.78204 0.00000 0.00000 0
0.00000 0.00000 0.00000 0.01251 -0.31838 0.75874 0.75874 0.77937 0.77937 0.00000 0.00000 1
0.10000 0.50071 0.49929 0.00114 0.00060 0.76078 0.76070 0.78130 0.78123 0.89010 1.00000 1
0.20000 -0.50000 -0.50000 -1.00000 0.00000 0.76810 0.76809 0.78715 0.78715 0.89356 1.00000 0
0.30000 0.30000 0.30000 -1.00000 0.00000 0.76314 0.00044 0.78318 0.78318 0.89356 1.00000 0
0.40000 0.05000 0.05000 -1.00000 0.00000 0.00001 0.00000 0.78301 0.78299 0.89356 1.00000 0
0.50000 0.00000 0.00000 -1.00000 0.00000 0.00000 0.00000 0.78204 0.78204 0.00000 0.00000 0
