1 0 0 0 0 0 0 0.00000 0.00000 -1.00000 0.00000 0.75637 0.75637 0.77721 0.77721 0.00000 0.00000 0
1 0 0 0 0 0 0 0.00000 0.00000 0.01251 -0.50000 0.75666 0.75666 0.77747 0.77747 0.00000 0.00000 0
0 1 0 0 0 0 0 0.50095 0.49905 0.00115 0.00084 0.76100 0.76095 0.78147 0.78143 0.88988 1.00000 0
0 0 1 0 0 0 0 -0.50000 -0.50000 0.00323 0.00410 0.75988 0.75987 0.78058 0.78057 0.55197 0.00000 0
1 0 0 0 0 0 0 -0.50000 -0.50000 0.00325 0.00408 0.76008 0.76007 0.78074 0.78072 0.54812 0.00000 0
0 1 0 0 0 0 0 0.50655 0.49345 0.00115 0.00595 0.76165 0.76146 0.78199 0.78182 0.88719 0.00000 0
0 0 1 0 0 0 0 -0.50000 -0.50000 0.00333 0.00024 0.75990 0.75989 0.78060 0.78059 0.53909 0.00000 0
1 0 0 0 0 0 0 -0.50000 -0.50000 0.02449 0.87186 0.76010 0.76009 0.78075 0.78074 0.53523 0.00000 0
0 1 0 0 0 0 0 0.50284 0.49716 0.00115 0.00259 0.75525 0.76088 0.77648 0.78133 0.88978 1.00000 0
0 0 1 0 0 0 0 -0.50000 -0.50000 0.00113 0.00155 0.76119 0.75416 0.78197 0.77593 0.89284 1.00000 1
0 0 0 1 0 0 0 0.30000 0.30000 0.00113 0.00156 0.20583 0.76314 0.78318 0.78319 0.89284 1.00000 1
0 0 0 0 1 0 0 0.05000 -0.02500 0.00113 0.00156 0.00098 0.00069 0.78338 0.78331 0.89284 1.00000 1
0 0 0 0 0 1 0 0.00000 0.00000 0.00118 0.00155 0.00000 0.00000 0.78201 0.78201 0.00000 0.00000 0
