0.50000 0.50000 -1.00000 0.00000 0.76122 0.76122 0.78165 0.78165 0.80709 0.00000 0
0.50000 0.50000 -1.00000 0.00000 0.76122 0.76122 0.78165 0.78165 0.80408 0.00000 0
0.50000 0.50000 -1.00000 0.00000 0.76122 0.76122 0.78165 0.78165 0.80599 0.00000 0
0.50000 0.50000 -1.00000 0.00000 0.76122 0.76122 0.78165 0.78165 0.80397 0.00000 0
0.50000 0.50000 -1.00000 0.00000 0.76122 0.76122 0.78165 0.78165 0.80743 0.00000 0
0.50000 0.50000 -1.00000 0.00000 0.76122 0.76122 0.78165 0.78165 0.80743 0.00000 0
0.50000 0.50000 -1.00000 0.00000 0.76122 0.76122 0.78165 0.78165 0.80595 0.00000 0
0.50000 0.50000 -1.00000 0.00000 0.76122 0.76122 0.78165 0.78165 0.80599 0.00000 0
0.50000 0.50000 -1.00000 0.00000 0.76122 0.76122 0.78165 0.78165 0.80599 0.00000 0
0.50000 0.50000 -1.00000 0.00000 0.76122 0.76122 0.78165 0.78165 0.80599 0.00000 0
