0.50000 0.50000 -1.00000 0.00000 0.76122 0.76122 0.78165 0.78165 0.80282 0.00000 0
0.50000 0.50000 -1.00000 0.00000 0.76122 0.76122 0.78165 0.78165 0.80321 0.00000 0
0.50000 0.50000 -1.00000 0.00000 0.76122 0.76122 0.78165 0.78165 0.80191 0.00000 0
0.50000 0.50000 -1.00000 0.00000 0.76122 0.76122 0.78165 0.78165 0.80144 0.00000 0
0.50000 0.50000 -1.00000 0.00000 0.76122 0.76122 0.78165 0.78165 0.80345 0.00000 0
0.50000 0.50000 -1.00000 0.00000 0.76122 0.76122 0.78165 0.78165 0.80345 0.00000 0
0.50000 0.50000 -1.00000 0.00000 0.76122 0.76122 0.78165 0.78165 0.80321 0.00000 0
0.50000 0.50000 -1.00000 0.00000 0.76122 0.76122 0.78165 0.78165 0.80158 0.00000 0
0.50000 0.50000 -1.00000 0.00000 0.76122 0.76122 0.78165 0.78165 0.80345 0.00000 0
0.50000 0.50000 -1.00000 0.00000 0.76122 0.76122 0.78165 0.78165 0.80345 0.00000 0
