0.00000 0.00000 -1.00000 0.00000 0.00328 0.00420 0.78439 0.78462 0.89449 1.00000 0
0.00000 0.00000 -1.00000 0.00000 0.00348 0.00456 0.78449 0.78475 0.89449 1.00000 0
0.00000 0.00000 -1.00000 0.00000 0.00376 0.00487 0.78460 0.78487 0.89449 1.00000 0
0.00000 0.00000 -1.00000 0.00000 0.00404 0.00511 0.78471 0.78497 0.89449 1.00000 0
0.00000 0.00000 -1.00000 0.00000 0.00429 0.00524 0.78480 0.78503 0.89449 1.00000 0
0.00000 0.00000 -1.00000 0.00000 0.76525 0.00527 0.78486 0.78506 0.89449 1.00000 0
0.00000 0.00000 -1.00000 0.00000 0.76528 0.00520 0.78489 0.78504 0.89449 1.00000 0
0.00000 0.00000 -1.00000 0.00000 0.76527 0.00502 0.78489 0.78499 0.89449 1.00000 0
0.00000 0.00000 -1.00000 0.00000 0.76522 0.00476 0.78484 0.78490 0.89449 1.00000 0
0.00000 0.00000 -1.00000 0.00000 0.00437 0.00442 0.78476 0.78478 0.89449 1.00000 0
0.00000 0.00000 -1.00000 0.00000 0.00412 0.00401 0.78465 0.78463 0.89449 1.00000 0
0.00000 0.00000 -1.00000 0.00000 0.00380 0.00355 0.78451 0.78445 0.89449 1.00000 0
0.00000 0.00000 -1.00000 0.00000 0.00341 0.00305 0.78435 0.78426 0.89449 1.00000 0
0.00000 0.00000 -1.00000 0.00000 0.00296 0.00254 0.78417 0.78406 0.89449 1.00000 0
0.00000 0.00000 -1.00000 0.00000 0.00248 0.00201 0.78397 0.78386 0.89449 1.00000 0
0.00000 0.00000 -1.00000 0.00000 0.00198 0.00149 0.78377 0.78365 0.89449 1.00000 0
0.00000 0.00000 -1.00000 0.00000 0.00146 0.00098 0.78356 0.78344 0.89449 1.00000 0
0.00000 0.00000 -1.00000 0.00000 0.00096 0.00050 0.78336 0.78325 0.89449 1.00000 0
0.00000 0.00000 -1.00000 0.00000 0.00046 0.00005 0.78316 0.78306 0.89449 1.00000 0
0.00000 0.00000 -1.00000 0.00000 0.00000 0.00000 0.78298 0.78289 0.89449 1.00000 0
0.00000 0.00000 -1.00000 0.00000 0.00000 0.00000 0.78282 0.78275 0.89449 1.00000 0
0.00000 0.00000 -1.00000 0.00000 0.00000 0.00000 0.78267 0.78262 0.89449 1.00000 0
0.00000 0.00000 -1.00000 0.00000 0.00000 0.00000 0.78255 0.78251 0.89449 1.00000 0
0.00000 0.00000 -1.00000 0.00000 0.00000 0.00000 0.78245 0.78243 0.89449 1.00000 0
0.00000 0.00000 -1.00000 0.00000 0.00000 0.00000 0.78238 0.78237 0.89449 1.00000 0
0.00000 0.00000 -1.00000 0.00000 0.00000 0.00000 0.78233 0.78234 0.89449 1.00000 0
0.00000 0.00000 -1.00000 0.00000 0.00000 0.00000 0.78230 0.78232 0.89449 1.00000 0
0.00000 0.00000 -1.00000 0.00000 0.00000 0.00000 0.78231 0.78233 0.89449 1.00000 0
0.00000 0.00000 -1.00000 0.00000 0.00000 0.00000 0.78233 0.78236 0.89449 1.00000 0
0.00000 0.00000 -1.00000 0.00000 0.00000 0.00000 0.78237 0.78241 0.89449 1.00000 0
0.00000 0.00000 -1.00000 0.00000 0.00000 0.00000 0.78243 0.78247 0.89449 1.00000 0
0.00000 0.00000 -1.00000 0.00000 0.00000 0.00000 0.78251 0.78255 0.89449 1.00000 0
0.00000 0.00000 -1.00000 0.00000 0.00000 0.00000 0.78260 0.78263 0.89449 1.00000 0
0.00000 0.00000 -1.00000 0.00000 0.00000 0.00000 0.78269 0.78273 0.89449 1.00000 0
0.00000 0.00000 -1.00000 0.00000 0.00000 0.00000 0.78280 0.78282 0.89449 1.00000 0
0.00000 0.00000 -1.00000 0.00000 0.00000 0.00000 0.78290 0.78292 0.89449 1.00000 0
0.00000 0.00000 -1.00000 0.00000 0.00000 0.00006 0.78300 0.78302 0.89449 1.00000 0
0.00000 0.00000 -1.00000 0.00000 0.00023 0.00029 0.78311 0.78312 0.89449 1.00000 0
0.00000 0.00000 -1.00000 0.00000 0.00048 0.00051 0.78320 0.78321 0.89449 1.00000 0
0.00000 0.00000 -1.00000 0.00000 0.00070 0.00072 0.78329 0.78330 0.89449 1.00000 0
0.00000 0.00000 -1.00000 0.00000 0.00090 0.00090 0.78337 0.78337 0.89449 1.00000 0
0.00000 0.00000 -1.00000 0.00000 0.00108 0.00106 0.78344 0.78344 0.89449 1.00000 0
0.00000 0.00000 -1.00000 0.00000 0.00122 0.00120 0.78350 0.78349 0.89449 1.00000 0
0.00000 0.00000 -1.00000 0.00000 0.00134 0.00131 0.78355 0.78354 0.89449 1.00000 0
0.00000 0.00000 -1.00000 0.00000 0.00143 0.00139 0.78358 0.78357 0.89449 1.00000 0
0.00000 0.00000 -1.00000 0.00000 0.00148 0.00144 0.78360 0.78359 0.89449 1.00000 0
0.00000 0.00000 -1.00000 0.00000 0.00150 0.00146 0.78361 0.78360 0.89449 1.00000 0
0.00000 0.00000 -1.00000 0.00000 0.00150 0.00146 0.78361 0.78360 0.89449 1.00000 0
0.00000 0.00000 -1.00000 0.00000 0.00147 0.00144 0.78359 0.78359 0.89449 1.00000 0
0.00000 0.00000 -1.00000 0.00000 0.00142 0.00139 0.78357 0.78357 0.89449 1.00000 0
0.00000 0.00000 -1.00000 0.00000 0.00134 0.00132 0.78354 0.78354 0.89449 1.00000 0
0.00000 0.00000 -1.00000 0.00000 0.00107 0.00105 0.78343 0.78343 0.89436 1.00000 0
0.00000 0.00000 -1.00000 0.00000 0.00067 0.00065 0.78327 0.78326 0.89423 1.00000 0
0.00000 0.00000 -1.00000 0.00000 0.00017 0.00016 0.78306 0.78305 0.89410 1.00000 0
0.00000 0.00000 -1.00000 0.00000 0.00000 0.00000 0.78282 0.78282 0.89397 1.00000 0
0.00000 0.00000 -1.00000 0.00000 0.00000 0.00000 0.78257 0.78256 0.89383 1.00000 0
0.00000 0.00000 -1.00000 0.00000 0.00000 0.00000 0.78230 0.78230 0.89370 1.00000 0
0.00000 0.00000 -1.00000 0.00000 0.00000 0.00000 0.78204 0.78204 0.89358 1.00000 0
0.00000 0.00000 -1.00000 0.00000 0.00000 0.00000 0.78179 0.78179 0.89345 1.00000 0
0.00000 0.00000 -1.00000 0.00000 0.00000 0.00000 0.78156 0.78156 0.89333 1.00000 0
0.00000 0.00000 -1.00000 0.00000 0.00000 0.00000 0.78135 0.78135 0.89321 1.00000 0
0.00000 0.00000 -1.00000 0.00000 0.00000 0.00000 0.78116 0.78116 0.89309 1.00000 0
0.00000 0.00000 -1.00000 0.00000 0.00000 0.00000 0.78101 0.78101 0.89298 1.00000 0
0.00000 0.00000 -1.00000 0.00000 0.00000 0.00000 0.78089 0.78089 0.89288 1.00000 0
0.00000 0.00000 -1.00000 0.00000 0.00000 0.00000 0.78080 0.78080 0.89278 1.00000 0
0.00000 0.00000 -1.00000 0.00000 0.00000 0.00000 0.78075 0.78076 0.89269 1.00000 0
0.00000 0.00000 -1.00000 0.00000 0.00000 0.00000 0.78072 0.78074 0.89261 1.00000 0
0.00000 0.00000 -1.00000 0.00000 0.00000 0.00000 0.78073 0.78075 0.89253 1.00000 0
0.00000 0.00000 -1.00000 0.00000 0.00000 0.00000 0.78076 0.78079 0.89245 1.00000 0
0.00000 0.00000 -1.00000 0.00000 0.00000 0.00000 0.78082 0.78085 0.89236 1.00000 0
0.00000 0.00000 -1.00000 0.00000 0.00000 0.00000 0.78089 0.78093 0.89227 1.00000 0
0.00000 0.00000 -1.00000 0.00000 0.00000 0.00000 0.78098 0.78102 0.89218 1.00000 0
0.00000 0.00000 -1.00000 0.00000 0.00000 0.00000 0.78109 0.78112 0.89207 1.00000 0
0.00000 0.00000 -1.00000 0.00000 0.00000 0.00000 0.78119 0.78122 0.89204 1.00000 0
0.00000 0.00000 -1.00000 0.00000 0.00000 0.00000 0.78130 0.78133 0.89202 1.00000 0
0.00000 0.00000 -1.00000 0.00000 0.00000 0.00000 0.78142 0.78143 0.89199 1.00000 0
0.00000 0.00000 -1.00000 0.00000 0.00000 0.00000 0.78152 0.78153 0.89195 1.00000 0
0.00000 0.00000 -1.00000 0.00000 0.00000 0.00000 0.78162 0.78163 0.89190 1.00000 0
0.00000 0.00000 -1.00000 0.00000 0.00000 0.00000 0.78172 0.78172 0.89184 1.00000 0
0.00000 0.00000 -1.00000 0.00000 0.00000 0.00000 0.78180 0.78180 0.89176 1.00000 0
0.00000 0.00000 -1.00000 0.00000 0.00000 0.00000 0.78187 0.78186 0.89167 1.00000 0
0.00000 0.00000 -1.00000 0.00000 0.00000 0.00000 0.78193 0.78192 0.89168 1.00000 0
0.00000 0.00000 -1.00000 0.00000 0.00000 0.00000 0.78197 0.78196 0.89170 1.00000 0
0.00000 0.00000 -1.00000 0.00000 0.00000 0.00000 0.78200 0.78199 0.89171 1.00000 0
0.00000 0.00000 -1.00000 0.00000 0.00000 0.00000 0.78202 0.78201 0.89173 1.00000 0
0.00000 0.00000 -1.00000 0.00000 0.00000 0.00000 0.78203 0.78202 0.89174 1.00000 0
0.00000 0.00000 -1.00000 0.00000 0.00000 0.00000 0.78203 0.78202 0.89175 1.00000 0
0.00000 0.00000 -1.00000 0.00000 0.00000 0.00000 0.78201 0.78200 0.00000 0.00000 0
0.00000 0.00000 -1.00000 0.00000 0.00000 0.00000 0.78275 0.78272 0.89450 1.00000 0
0.00000 0.00000 -1.00000 0.00000 0.00000 0.00000 0.78292 0.78287 0.89450 1.00000 0
0.00000 0.00000 -1.00000 0.00000 0.00053 0.00028 0.78320 0.78314 0.89450 1.00000 0
0.00000 0.00000 -1.00000 0.00000 0.00140 0.00109 0.78354 0.78346 0.89450 1.00000 0
0.00000 0.00000 -1.00000 0.00000 0.00232 0.00195 0.78390 0.78381 0.89450 1.00000 0
0.00000 0.00000 -1.00000 0.00000 0.00321 0.00280 0.78425 0.78415 0.89450 1.00000 0
0.00000 0.00000 -1.00000 0.00000 0.00403 0.00359 0.78457 0.78446 0.89450 1.00000 0
0.00000 0.00000 -1.00000 0.00000 0.76522 0.00429 0.78485 0.78474 0.89450 1.00000 0
0.00000 0.00000 -1.00000 0.00000 0.76551 0.00488 0.78509 0.78498 0.89450 1.00000 0
0.00000 0.00000 -1.00000 0.00000 0.76574 0.00533 0.78526 0.78516 0.89450 1.00000 0
0.00000 0.00000 -1.00000 0.00000 0.76589 0.00565 0.78538 0.78529 0.89450 1.00000 0
0.00000 0.00000 -1.00000 0.00000 0.76596 0.00584 0.78544 0.78537 0.89450 1.00000 0
0.00000 0.00000 -1.00000 0.00000 0.76597 0.00588 0.78545 0.78538 0.89450 1.00000 0
0.00000 0.00000 -1.00000 0.00000 0.76590 0.00579 0.78540 0.78535 0.89450 1.00000 0
0.00000 0.00000 -1.00000 0.00000 0.76578 0.00558 0.78530 0.78526 0.89450 1.00000 0
0.00000 0.00000 -1.00000 0.00000 0.00535 0.00525 0.78516 0.78513 0.89450 1.00000 0
0.00000 0.00000 -1.00000 0.00000 0.00488 0.00483 0.78497 0.78496 0.89450 1.00000 0
0.00000 0.00000 -1.00000 0.00000 0.00433 0.00433 0.78476 0.78476 0.89450 1.00000 0
0.00000 0.00000 -1.00000 0.00000 0.00373 0.00377 0.78452 0.78453 0.89450 1.00000 0
0.00000 0.00000 -1.00000 0.00000 0.00309 0.00316 0.78427 0.78428 0.89450 1.00000 0
0.00000 0.00000 -1.00000 0.00000 0.00243 0.00252 0.78400 0.78403 0.89450 1.00000 0
0.00000 0.00000 -1.00000 0.00000 0.00176 0.00187 0.78374 0.78376 0.89450 1.00000 0
0.00000 0.00000 -1.00000 0.00000 0.00111 0.00123 0.78347 0.78350 0.89450 1.00000 0
0.00000 0.00000 -1.00000 0.00000 0.00049 0.00060 0.78322 0.78325 0.89450 1.00000 0
0.00000 0.00000 -1.00000 0.00000 0.00000 0.00002 0.78298 0.78301 0.89450 1.00000 0
0.00000 0.00000 -1.00000 0.00000 0.00000 0.00000 0.78277 0.78279 0.89450 1.00000 0
0.00000 0.00000 -1.00000 0.00000 0.00000 0.00000 0.78258 0.78260 0.89450 1.00000 0
0.00000 0.00000 -1.00000 0.00000 0.00000 0.00000 0.78241 0.78243 0.89450 1.00000 0
0.00000 0.00000 -1.00000 0.00000 0.00000 0.00000 0.78228 0.78229 0.89450 1.00000 0
0.00000 0.00000 -1.00000 0.00000 0.00000 0.00000 0.78218 0.78219 0.89450 1.00000 0
0.00000 0.00000 -1.00000 0.00000 0.00000 0.00000 0.78211 0.78212 0.89450 1.00000 0
0.00000 0.00000 -1.00000 0.00000 0.00000 0.00000 0.78207 0.78207 0.89450 1.00000 0
0.00000 0.00000 -1.00000 0.00000 0.00000 0.00000 0.78206 0.78206 0.89450 1.00000 0
0.00000 0.00000 -1.00000 0.00000 0.00000 0.00000 0.78209 0.78208 0.89450 1.00000 0
0.00000 0.00000 -1.00000 0.00000 0.00000 0.00000 0.78213 0.78212 0.89450 1.00000 0
0.00000 0.00000 -1.00000 0.00000 0.00000 0.00000 0.78220 0.78219 0.89450 1.00000 0
0.00000 0.00000 -1.00000 0.00000 0.00000 0.00000 0.78229 0.78228 0.89450 1.00000 0
0.00000 0.00000 -1.00000 0.00000 0.00000 0.00000 0.78240 0.78239 0.89450 1.00000 0
0.00000 0.00000 -1.00000 0.00000 0.00000 0.00000 0.78251 0.78250 0.89450 1.00000 0
0.00000 0.00000 -1.00000 0.00000 0.00000 0.00000 0.78264 0.78263 0.89450 1.00000 0
0.00000 0.00000 -1.00000 0.00000 0.00000 0.00000 0.78277 0.78276 0.89450 1.00000 0
0.00000 0.00000 -1.00000 0.00000 0.00000 0.00000 0.78290 0.78289 0.89450 1.00000 0
0.00000 0.00000 -1.00000 0.00000 0.00006 0.00003 0.78303 0.78302 0.89450 1.00000 0
0.00000 0.00000 -1.00000 0.00000 0.00036 0.00034 0.78315 0.78315 0.89450 1.00000 0
0.00000 0.00000 -1.00000 0.00000 0.00065 0.00063 0.78327 0.78326 0.89450 1.00000 0
0.00000 0.00000 -1.00000 0.00000 0.00091 0.00089 0.78338 0.78337 0.89450 1.00000 0
0.00000 0.00000 -1.00000 0.00000 0.00114 0.00113 0.78347 0.78347 0.89450 1.00000 0
0.00000 0.00000 -1.00000 0.00000 0.00134 0.00133 0.78355 0.78355 0.89450 1.00000 0
0.00000 0.00000 -1.00000 0.00000 0.00150 0.00150 0.78361 0.78361 0.89450 1.00000 0
0.00000 0.00000 -1.00000 0.00000 0.00162 0.00162 0.78366 0.78366 0.89450 1.00000 0
0.00000 0.00000 -1.00000 0.00000 0.00171 0.00171 0.78370 0.78370 0.89450 1.00000 0
0.00000 0.00000 -1.00000 0.00000 0.00158 0.00158 0.78364 0.78364 0.89436 1.00000 0
0.00000 0.00000 -1.00000 0.00000 0.00128 0.00130 0.78352 0.78352 0.89422 1.00000 0
0.00000 0.00000 -1.00000 0.00000 0.00086 0.00088 0.78334 0.78334 0.89408 1.00000 0
0.00000 0.00000 -1.00000 0.00000 0.00035 0.00037 0.78312 0.78313 0.89394 1.00000 0
0.00000 0.00000 -1.00000 0.00000 0.00000 0.00000 0.78288 0.78288 0.89379 1.00000 0
0.00000 0.00000 -1.00000 0.00000 0.00000 0.00000 0.78262 0.78262 0.89365 1.00000 0
0.00000 0.00000 -1.00000 0.00000 0.00000 0.00000 0.78235 0.78235 0.89350 1.00000 0
0.00000 0.00000 -1.00000 0.00000 0.00000 0.00000 0.78208 0.78209 0.89335 1.00000 0
0.00000 0.00000 -1.00000 0.00000 0.00000 0.00000 0.78182 0.78183 0.89320 1.00000 0
0.00000 0.00000 -1.00000 0.00000 0.00000 0.00000 0.78158 0.78159 0.89306 1.00000 0
0.00000 0.00000 -1.00000 0.00000 0.00000 0.00000 0.78137 0.78137 0.89291 1.00000 0
0.00000 0.00000 -1.00000 0.00000 0.00000 0.00000 0.78118 0.78118 0.89277 1.00000 0
0.00000 0.00000 -1.00000 0.00000 0.00000 0.00000 0.78102 0.78102 0.89262 1.00000 0
0.00000 0.00000 -1.00000 0.00000 0.00000 0.00000 0.78090 0.78090 0.89249 1.00000 0
0.00000 0.00000 -1.00000 0.00000 0.00000 0.00000 0.78080 0.78080 0.89235 1.00000 0
0.00000 0.00000 -1.00000 0.00000 0.00000 0.00000 0.78074 0.78074 0.89233 1.00000 0
0.00000 0.00000 -1.00000 0.00000 0.00000 0.00000 0.78071 0.78071 0.89233 1.00000 0
0.00000 0.00000 -1.00000 0.00000 0.00000 0.00000 0.78072 0.78071 0.89233 1.00000 0
0.00000 0.00000 -1.00000 0.00000 0.00000 0.00000 0.78074 0.78074 0.89233 1.00000 0
0.00000 0.00000 -1.00000 0.00000 0.00000 0.00000 0.78079 0.78079 0.89233 1.00000 0
0.00000 0.00000 -1.00000 0.00000 0.00000 0.00000 0.78086 0.78086 0.89233 1.00000 0
0.00000 0.00000 -1.00000 0.00000 0.00000 0.00000 0.78095 0.78095 0.89234 1.00000 0
0.00000 0.00000 -1.00000 0.00000 0.00000 0.00000 0.78105 0.78105 0.89234 1.00000 0
0.00000 0.00000 -1.00000 0.00000 0.00000 0.00000 0.78115 0.78115 0.89233 1.00000 0
0.00000 0.00000 -1.00000 0.00000 0.00000 0.00000 0.78127 0.78126 0.89233 1.00000 0
0.00000 0.00000 -1.00000 0.00000 0.00000 0.00000 0.78138 0.78138 0.89231 1.00000 0
0.00000 0.00000 -1.00000 0.00000 0.00000 0.00000 0.78148 0.78148 0.89229 1.00000 0
0.00000 0.00000 -1.00000 0.00000 0.00000 0.00000 0.78159 0.78159 0.89226 1.00000 0
0.00000 0.00000 -1.00000 0.00000 0.00000 0.00000 0.78168 0.78168 0.89223 1.00000 0
0.00000 0.00000 -1.00000 0.00000 0.00000 0.00000 0.78177 0.78177 0.89218 1.00000 0
0.00000 0.00000 -1.00000 0.00000 0.00000 0.00000 0.78185 0.78185 0.89212 1.00000 0
0.00000 0.00000 -1.00000 0.00000 0.00000 0.00000 0.78191 0.78191 0.89205 1.00000 0
0.00000 0.00000 -1.00000 0.00000 0.00000 0.00000 0.78196 0.78196 0.89196 1.00000 0
0.00000 0.00000 -1.00000 0.00000 0.00000 0.00000 0.78200 0.78200 0.89186 1.00000 0
0.00000 0.00000 -1.00000 0.00000 0.00000 0.00000 0.78202 0.78202 0.89175 1.00000 0
0.00000 0.00000 -1.00000 0.00000 0.00000 0.00000 0.78204 0.78204 0.00000 0.00000 0
0.00000 0.00000 -1.00000 0.00000 0.00000 0.00000 0.78291 0.78289 0.89442 1.00000 0
0.00000 0.00000 -1.00000 0.00000 0.00036 0.00026 0.78314 0.78312 0.89442 1.00000 0
0.00000 0.00000 -1.00000 0.00000 0.00116 0.00101 0.78345 0.78342 0.89442 1.00000 0
0.00000 0.00000 -1.00000 0.00000 0.00204 0.00183 0.78380 0.78375 0.89442 1.00000 0
0.00000 0.00000 -1.00000 0.00000 0.00294 0.00266 0.78415 0.78408 0.89442 1.00000 0
0.00000 0.00000 -1.00000 0.00000 0.76476 0.00344 0.78448 0.78440 0.89442 1.00000 0
0.00000 0.00000 -1.00000 0.00000 0.76512 0.00414 0.78477 0.78468 0.89442 1.00000 0
0.00000 0.00000 -1.00000 0.00000 0.76543 0.00474 0.78502 0.78492 0.89442 1.00000 0
0.00000 0.00000 -1.00000 0.00000 0.76567 0.00521 0.78521 0.78511 0.89442 1.00000 0
0.00000 0.00000 -1.00000 0.00000 0.76584 0.00554 0.78535 0.78525 0.89443 1.00000 0
0.00000 0.00000 -1.00000 0.00000 0.76594 0.00574 0.78542 0.78533 0.89443 1.00000 0
0.00000 0.00000 -1.00000 0.00000 0.76596 0.00581 0.78545 0.78536 0.89443 1.00000 0
0.00000 0.00000 -1.00000 0.00000 0.76592 0.00575 0.78541 0.78534 0.89443 1.00000 0
0.00000 0.00000 -1.00000 0.00000 0.76581 0.00556 0.78533 0.78526 0.89443 1.00000 0
0.00000 0.00000 -1.00000 0.00000 0.76565 0.00527 0.78519 0.78514 0.89443 1.00000 0
0.00000 0.00000 -1.00000 0.00000 0.76543 0.00487 0.78502 0.78498 0.89443 1.00000 0
0.00000 0.00000 -1.00000 0.00000 0.00450 0.00440 0.78482 0.78479 0.89443 1.00000 0
0.00000 0.00000 -1.00000 0.00000 0.00391 0.00386 0.78459 0.78457 0.89443 1.00000 0
0.00000 0.00000 -1.00000 0.00000 0.00328 0.00327 0.78434 0.78433 0.89443 1.00000 0
0.00000 0.00000 -1.00000 0.00000 0.00262 0.00264 0.78407 0.78408 0.89443 1.00000 0
0.00000 0.00000 -1.00000 0.00000 0.00195 0.00201 0.78381 0.78382 0.89443 1.00000 0
0.00000 0.00000 -1.00000 0.00000 0.00129 0.00137 0.78354 0.78356 0.89443 1.00000 0
0.00000 0.00000 -1.00000 0.00000 0.00066 0.00075 0.78329 0.78331 0.89443 1.00000 0
0.00000 0.00000 -1.00000 0.00000 0.00006 0.00017 0.78305 0.78307 0.89443 1.00000 0
0.00000 0.00000 -1.00000 0.00000 0.00000 0.00000 0.78283 0.78285 0.89443 1.00000 0
0.00000 0.00000 -1.00000 0.00000 0.00000 0.00000 0.78263 0.78265 0.89443 1.00000 0
0.00000 0.00000 -1.00000 0.00000 0.00000 0.00000 0.78246 0.78248 0.89443 1.00000 0
0.00000 0.00000 -1.00000 0.00000 0.00000 0.00000 0.78232 0.78234 0.89443 1.00000 0
0.00000 0.00000 -1.00000 0.00000 0.00000 0.00000 0.78221 0.78222 0.89443 1.00000 0
0.00000 0.00000 -1.00000 0.00000 0.00000 0.00000 0.78213 0.78214 0.89443 1.00000 0
0.00000 0.00000 -1.00000 0.00000 0.00000 0.00000 0.78208 0.78209 0.89443 1.00000 0
0.00000 0.00000 -1.00000 0.00000 0.00000 0.00000 0.78207 0.78207 0.89443 1.00000 0
0.00000 0.00000 -1.00000 0.00000 0.00000 0.00000 0.78208 0.78208 0.89443 1.00000 0
0.00000 0.00000 -1.00000 0.00000 0.00000 0.00000 0.78212 0.78212 0.89443 1.00000 0
0.00000 0.00000 -1.00000 0.00000 0.00000 0.00000 0.78219 0.78218 0.89443 1.00000 0
0.00000 0.00000 -1.00000 0.00000 0.00000 0.00000 0.78227 0.78226 0.89443 1.00000 0
0.00000 0.00000 -1.00000 0.00000 0.00000 0.00000 0.78237 0.78236 0.89443 1.00000 0
0.00000 0.00000 -1.00000 0.00000 0.00000 0.00000 0.78248 0.78248 0.89443 1.00000 0
0.00000 0.00000 -1.00000 0.00000 0.00000 0.00000 0.78261 0.78260 0.89443 1.00000 0
0.00000 0.00000 -1.00000 0.00000 0.00000 0.00000 0.78274 0.78273 0.89443 1.00000 0
0.00000 0.00000 -1.00000 0.00000 0.00000 0.00000 0.78287 0.78286 0.89443 1.00000 0
0.00000 0.00000 -1.00000 0.00000 0.00000 0.00000 0.78300 0.78299 0.89443 1.00000 0
0.00000 0.00000 -1.00000 0.00000 0.00029 0.00025 0.78312 0.78312 0.89443 1.00000 0
0.00000 0.00000 -1.00000 0.00000 0.00058 0.00055 0.78324 0.78323 0.89443 1.00000 0
0.00000 0.00000 -1.00000 0.00000 0.00085 0.00082 0.78335 0.78334 0.89443 1.00000 0
0.00000 0.00000 -1.00000 0.00000 0.00108 0.00106 0.78345 0.78344 0.89443 1.00000 0
0.00000 0.00000 -1.00000 0.00000 0.00129 0.00127 0.78353 0.78352 0.89443 1.00000 0
0.00000 0.00000 -1.00000 0.00000 0.00146 0.00145 0.78360 0.78359 0.89443 1.00000 0
0.00000 0.00000 -1.00000 0.00000 0.00159 0.00158 0.78365 0.78365 0.89443 1.00000 0
0.00000 0.00000 -1.00000 0.00000 0.00169 0.00168 0.78369 0.78369 0.89443 1.00000 0
0.00000 0.00000 -1.00000 0.00000 0.00175 0.00175 0.78371 0.78371 0.89443 1.00000 0
0.00000 0.00000 -1.00000 0.00000 0.00159 0.00160 0.78365 0.78365 0.89432 1.00000 0
0.00000 0.00000 -1.00000 0.00000 0.00128 0.00129 0.78351 0.78352 0.89422 1.00000 0
0.00000 0.00000 -1.00000 0.00000 0.00084 0.00086 0.78333 0.78333 0.89411 1.00000 0
0.00000 0.00000 -1.00000 0.00000 0.00031 0.00033 0.78311 0.78311 0.89400 1.00000 0
0.00000 0.00000 -1.00000 0.00000 0.00000 0.00000 0.78286 0.78286 0.89389 1.00000 0
0.00000 0.00000 -1.00000 0.00000 0.00000 0.00000 0.78259 0.78260 0.89378 1.00000 0
0.00000 0.00000 -1.00000 0.00000 0.00000 0.00000 0.78232 0.78232 0.89367 1.00000 0
0.00000 0.00000 -1.00000 0.00000 0.00000 0.00000 0.78205 0.78205 0.89356 1.00000 0
0.00000 0.00000 -1.00000 0.00000 0.00000 0.00000 0.78179 0.78180 0.89345 1.00000 0
0.00000 0.00000 -1.00000 0.00000 0.00000 0.00000 0.78155 0.78156 0.89335 1.00000 0
0.00000 0.00000 -1.00000 0.00000 0.00000 0.00000 0.78134 0.78134 0.89324 1.00000 0
0.00000 0.00000 -1.00000 0.00000 0.00000 0.00000 0.78115 0.78115 0.89314 1.00000 0
0.00000 0.00000 -1.00000 0.00000 0.00000 0.00000 0.78099 0.78100 0.89305 1.00000 0
0.00000 0.00000 -1.00000 0.00000 0.00000 0.00000 0.78087 0.78087 0.89296 1.00000 0
0.00000 0.00000 -1.00000 0.00000 0.00000 0.00000 0.78078 0.78078 0.89287 1.00000 0
0.00000 0.00000 -1.00000 0.00000 0.00000 0.00000 0.78073 0.78072 0.89279 1.00000 0
0.00000 0.00000 -1.00000 0.00000 0.00000 0.00000 0.78070 0.78070 0.89271 1.00000 0
0.00000 0.00000 -1.00000 0.00000 0.00000 0.00000 0.78071 0.78070 0.89264 1.00000 0
0.00000 0.00000 -1.00000 0.00000 0.00000 0.00000 0.78074 0.78074 0.89257 1.00000 0
0.00000 0.00000 -1.00000 0.00000 0.00000 0.00000 0.78079 0.78079 0.89250 1.00000 0
0.00000 0.00000 -1.00000 0.00000 0.00000 0.00000 0.78087 0.78086 0.89253 1.00000 0
0.00000 0.00000 -1.00000 0.00000 0.00000 0.00000 0.78096 0.78095 0.89258 1.00000 0
0.00000 0.00000 -1.00000 0.00000 0.00000 0.00000 0.78106 0.78105 0.89264 1.00000 0
0.00000 0.00000 -1.00000 0.00000 0.00000 0.00000 0.78116 0.78116 0.89270 1.00000 0
0.00000 0.00000 -1.00000 0.00000 0.00000 0.00000 0.78128 0.78128 0.89277 1.00000 0
0.00000 0.00000 -1.00000 0.00000 0.00000 0.00000 0.78139 0.78139 0.89283 1.00000 0
0.00000 0.00000 -1.00000 0.00000 0.00000 0.00000 0.78150 0.78150 0.89290 1.00000 0
0.00000 0.00000 -1.00000 0.00000 0.00000 0.00000 0.78160 0.78160 0.89297 1.00000 0
0.00000 0.00000 -1.00000 0.00000 0.00000 0.00000 0.78170 0.78170 0.89303 1.00000 0
0.00000 0.00000 -1.00000 0.00000 0.00000 0.00000 0.78178 0.78178 0.89309 1.00000 0
0.00000 0.00000 -1.00000 0.00000 0.00000 0.00000 0.78186 0.78186 0.89315 1.00000 0
0.00000 0.00000 -1.00000 0.00000 0.00000 0.00000 0.78192 0.78192 0.89321 1.00000 0
0.00000 0.00000 -1.00000 0.00000 0.00000 0.00000 0.78197 0.78197 0.89326 1.00000 0
0.00000 0.00000 -1.00000 0.00000 0.00000 0.00000 0.78201 0.78201 0.89330 1.00000 0
0.00000 0.00000 -1.00000 0.00000 0.00000 0.00000 0.78203 0.78203 0.89334 1.00000 0
0.00000 0.00000 -1.00000 0.00000 0.00000 0.00000 0.78204 0.78204 0.62004 0.00000 0
0.00000 0.00000 -1.00000 0.00000 0.00000 0.00000 0.78270 0.78272 0.89356 1.00000 0
0.00000 0.00000 -1.00000 0.00000 0.00000 0.00000 0.78277 0.78283 0.89356 1.00000 0
0.00000 0.00000 -1.00000 0.00000 0.00000 0.00025 0.78300 0.78308 0.89356 1.00000 0
0.00000 0.00000 -1.00000 0.00000 0.00071 0.00113 0.78332 0.78342 0.89356 1.00000 0
0.00000 0.00000 -1.00000 0.00000 0.00162 0.00209 0.78368 0.78380 0.89356 1.00000 0
0.00000 0.00000 -1.00000 0.00000 0.00254 0.00306 0.78406 0.78418 0.89356 1.00000 0
0.00000 0.00000 -1.00000 0.00000 0.00344 0.00396 0.78441 0.78454 0.89356 1.00000 0
0.00000 0.00000 -1.00000 0.00000 0.00425 0.00476 0.78474 0.78486 0.89356 1.00000 0
0.00000 0.00000 -1.00000 0.00000 0.00495 0.76557 0.78501 0.78513 0.89356 1.00000 0
0.00000 0.00000 -1.00000 0.00000 0.00552 0.76584 0.78524 0.78534 0.89356 1.00000 0
0.00000 0.00000 -1.00000 0.00000 0.00594 0.76603 0.78541 0.78550 0.89356 1.00000 0
0.00000 0.00000 -1.00000 0.00000 0.00621 0.76614 0.78551 0.78559 0.89356 1.00000 0
0.00000 0.00000 -1.00000 0.00000 0.00633 0.76618 0.78556 0.78562 0.89356 1.00000 0
0.00000 0.00000 -1.00000 0.00000 0.00630 0.76614 0.78555 0.78559 0.89356 1.00000 0
0.00000 0.00000 -1.00000 0.00000 0.00614 0.00622 0.78548 0.78550 0.89356 1.00000 0
0.00000 0.00000 -1.00000 0.00000 0.00584 0.00586 0.78536 0.78537 0.89356 1.00000 0
0.00000 0.00000 -1.00000 0.00000 0.00543 0.00540 0.78520 0.78519 0.89356 1.00000 0
0.00000 0.00000 -1.00000 0.00000 0.00493 0.00485 0.78499 0.78497 0.89356 1.00000 0
0.00000 0.00000 -1.00000 0.00000 0.00435 0.00423 0.78476 0.78473 0.89356 1.00000 0
0.00000 0.00000 -1.00000 0.00000 0.00371 0.00356 0.78450 0.78446 0.89356 1.00000 0
0.00000 0.00000 -1.00000 0.00000 0.00302 0.00287 0.78422 0.78418 0.89356 1.00000 0
0.00000 0.00000 -1.00000 0.00000 0.00232 0.00216 0.78394 0.78390 0.89356 1.00000 0
0.00000 0.00000 -1.00000 0.00000 0.00162 0.00146 0.78366 0.78362 0.89356 1.00000 0
0.00000 0.00000 -1.00000 0.00000 0.00093 0.00078 0.78338 0.78334 0.89356 1.00000 0
0.00000 0.00000 -1.00000 0.00000 0.00028 0.00014 0.78311 0.78308 0.89356 1.00000 0
0.00000 0.00000 -1.00000 0.00000 0.00000 0.00000 0.78287 0.78284 0.89356 1.00000 0
0.00000 0.00000 -1.00000 0.00000 0.00000 0.00000 0.78265 0.78262 0.89356 1.00000 0
0.00000 0.00000 -1.00000 0.00000 0.00000 0.00000 0.78245 0.78243 0.89356 1.00000 0
0.00000 0.00000 -1.00000 0.00000 0.00000 0.00000 0.78229 0.78228 0.89356 1.00000 0
0.00000 0.00000 -1.00000 0.00000 0.00000 0.00000 0.78216 0.78215 0.89356 1.00000 0
0.00000 0.00000 -1.00000 0.00000 0.00000 0.00000 0.78207 0.78206 0.89356 1.00000 0
0.00000 0.00000 -1.00000 0.00000 0.00000 0.00000 0.78201 0.78201 0.89356 1.00000 0
0.00000 0.00000 -1.00000 0.00000 0.00000 0.00000 0.78198 0.78198 0.89356 1.00000 0
0.00000 0.00000 -1.00000 0.00000 0.00000 0.00000 0.78199 0.78199 0.89356 1.00000 0
0.00000 0.00000 -1.00000 0.00000 0.00000 0.00000 0.78202 0.78203 0.89356 1.00000 0
0.00000 0.00000 -1.00000 0.00000 0.00000 0.00000 0.78208 0.78209 0.89356 1.00000 0
0.00000 0.00000 -1.00000 0.00000 0.00000 0.00000 0.78217 0.78218 0.89356 1.00000 0
0.00000 0.00000 -1.00000 0.00000 0.00000 0.00000 0.78227 0.78228 0.89356 1.00000 0
0.00000 0.00000 -1.00000 0.00000 0.00000 0.00000 0.78239 0.78240 0.89356 1.00000 0
0.00000 0.00000 -1.00000 0.00000 0.00000 0.00000 0.78253 0.78254 0.89356 1.00000 0
0.00000 0.00000 -1.00000 0.00000 0.00000 0.00000 0.78267 0.78267 0.89356 1.00000 0
0.00000 0.00000 -1.00000 0.00000 0.00000 0.00000 0.78281 0.78281 0.89356 1.00000 0
0.00000 0.00000 -1.00000 0.00000 0.00000 0.00000 0.78295 0.78295 0.89356 1.00000 0
0.00000 0.00000 -1.00000 0.00000 0.00019 0.00020 0.78309 0.78309 0.89356 1.00000 0
0.00000 0.00000 -1.00000 0.00000 0.00051 0.00052 0.78322 0.78322 0.89356 1.00000 0
0.00000 0.00000 -1.00000 0.00000 0.00081 0.00081 0.78334 0.78334 0.89356 1.00000 0
0.00000 0.00000 -1.00000 0.00000 0.00108 0.00107 0.78345 0.78344 0.89356 1.00000 0
0.00000 0.00000 -1.00000 0.00000 0.00132 0.00130 0.78354 0.78354 0.89356 1.00000 0
0.00000 0.00000 -1.00000 0.00000 0.00151 0.00150 0.78362 0.78361 0.89356 1.00000 0
0.00000 0.00000 -1.00000 0.00000 0.00167 0.00165 0.78368 0.78368 0.89356 1.00000 0
0.00000 0.00000 -1.00000 0.00000 0.00178 0.00176 0.78373 0.78372 0.89356 1.00000 0
0.00000 0.00000 -1.00000 0.00000 0.00168 0.00165 0.78368 0.78367 0.89344 1.00000 0
0.00000 0.00000 -1.00000 0.00000 0.00141 0.00138 0.78356 0.78356 0.89332 1.00000 0
0.00000 0.00000 -1.00000 0.00000 0.00101 0.00097 0.78339 0.78339 0.89320 1.00000 0
0.00000 0.00000 -1.00000 0.00000 0.00050 0.00047 0.78318 0.78317 0.89308 1.00000 0
0.00000 0.00000 -1.00000 0.00000 0.00000 0.00000 0.78294 0.78293 0.89296 1.00000 0
0.00000 0.00000 -1.00000 0.00000 0.00000 0.00000 0.78268 0.78267 0.89284 1.00000 0
0.00000 0.00000 -1.00000 0.00000 0.00000 0.00000 0.78241 0.78240 0.89273 1.00000 0
0.00000 0.00000 -1.00000 0.00000 0.00000 0.00000 0.78214 0.78213 0.89261 1.00000 0
0.00000 0.00000 -1.00000 0.00000 0.00000 0.00000 0.78187 0.78187 0.89250 1.00000 0
0.00000 0.00000 -1.00000 0.00000 0.00000 0.00000 0.78163 0.78163 0.89239 1.00000 0
0.00000 0.00000 -1.00000 0.00000 0.00000 0.00000 0.78141 0.78141 0.89228 1.00000 0
0.00000 0.00000 -1.00000 0.00000 0.00000 0.00000 0.78121 0.78121 0.89218 1.00000 0
0.00000 0.00000 -1.00000 0.00000 0.00000 0.00000 0.78104 0.78105 0.89208 1.00000 0
0.00000 0.00000 -1.00000 0.00000 0.00000 0.00000 0.78091 0.78091 0.89209 1.00000 0
0.00000 0.00000 -1.00000 0.00000 0.00000 0.00000 0.78081 0.78081 0.89211 1.00000 0
0.00000 0.00000 -1.00000 0.00000 0.00000 0.00000 0.78075 0.78075 0.89215 1.00000 0
0.00000 0.00000 -1.00000 0.00000 0.00000 0.00000 0.78071 0.78071 0.89219 1.00000 0
0.00000 0.00000 -1.00000 0.00000 0.00000 0.00000 0.78071 0.78071 0.89223 1.00000 0
0.00000 0.00000 -1.00000 0.00000 0.00000 0.00000 0.78073 0.78073 0.89228 1.00000 0
0.00000 0.00000 -1.00000 0.00000 0.00000 0.00000 0.78078 0.78078 0.89233 1.00000 0
0.00000 0.00000 -1.00000 0.00000 0.00000 0.00000 0.78084 0.78085 0.89238 1.00000 0
0.00000 0.00000 -1.00000 0.00000 0.00000 0.00000 0.78093 0.78093 0.89244 1.00000 0
0.00000 0.00000 -1.00000 0.00000 0.00000 0.00000 0.78102 0.78103 0.89249 1.00000 0
0.00000 0.00000 -1.00000 0.00000 0.00000 0.00000 0.78113 0.78113 0.89255 1.00000 0
0.00000 0.00000 -1.00000 0.00000 0.00000 0.00000 0.78124 0.78124 0.89260 1.00000 0
0.00000 0.00000 -1.00000 0.00000 0.00000 0.00000 0.78135 0.78135 0.89266 1.00000 0
0.00000 0.00000 -1.00000 0.00000 0.00000 0.00000 0.78146 0.78146 0.89270 1.00000 0
0.00000 0.00000 -1.00000 0.00000 0.00000 0.00000 0.78157 0.78157 0.89275 1.00000 0
0.00000 0.00000 -1.00000 0.00000 0.00000 0.00000 0.78167 0.78167 0.89279 1.00000 0
0.00000 0.00000 -1.00000 0.00000 0.00000 0.00000 0.78176 0.78175 0.89282 1.00000 0
0.00000 0.00000 -1.00000 0.00000 0.00000 0.00000 0.78183 0.78183 0.89284 1.00000 0
0.00000 0.00000 -1.00000 0.00000 0.00000 0.00000 0.78190 0.78190 0.89285 1.00000 0
0.00000 0.00000 -1.00000 0.00000 0.00000 0.00000 0.78195 0.78195 0.89286 1.00000 0
0.00000 0.00000 -1.00000 0.00000 0.00000 0.00000 0.78199 0.78199 0.89285 1.00000 0
0.00000 0.00000 -1.00000 0.00000 0.00000 0.00000 0.78202 0.78202 0.89283 1.00000 0
0.00000 0.00000 -1.00000 0.00000 0.00000 0.00000 0.78204 0.78204 0.89280 1.00000 0
0.00000 0.00000 -1.00000 0.00000 0.00000 0.00000 0.78204 0.78204 0.00000 0.00000 0
0.00000 0.00000 -1.00000 0.00000 0.00000 0.00000 0.78270 0.78272 0.89356 1.00000 0
0.00000 0.00000 -1.00000 0.00000 0.00000 0.00000 0.78277 0.78283 0.89356 1.00000 0
0.00000 0.00000 -1.00000 0.00000 0.00000 0.00025 0.78300 0.78308 0.89356 1.00000 0
0.00000 0.00000 -1.00000 0.00000 0.00071 0.00113 0.78332 0.78342 0.89356 1.00000 0
0.00000 0.00000 -1.00000 0.00000 0.00162 0.00209 0.78368 0.78380 0.89356 1.00000 0
0.00000 0.00000 -1.00000 0.00000 0.00254 0.00306 0.78406 0.78418 0.89356 1.00000 0
0.00000 0.00000 -1.00000 0.00000 0.00344 0.00396 0.78441 0.78454 0.89356 1.00000 0
0.00000 0.00000 -1.00000 0.00000 0.00425 0.00476 0.78474 0.78486 0.89356 1.00000 0
0.00000 0.00000 -1.00000 0.00000 0.00495 0.76557 0.78501 0.78513 0.89356 1.00000 0
0.00000 0.00000 -1.00000 0.00000 0.00552 0.76584 0.78524 0.78534 0.89356 1.00000 0
0.00000 0.00000 -1.00000 0.00000 0.00594 0.76603 0.78541 0.78550 0.89356 1.00000 0
0.00000 0.00000 -1.00000 0.00000 0.00621 0.76614 0.78551 0.78559 0.89356 1.00000 0
0.00000 0.00000 -1.00000 0.00000 0.00633 0.76618 0.78556 0.78562 0.89356 1.00000 0
0.00000 0.00000 -1.00000 0.00000 0.00630 0.76614 0.78555 0.78559 0.89356 1.00000 0
0.00000 0.00000 -1.00000 0.00000 0.00614 0.00622 0.78548 0.78550 0.89356 1.00000 0
0.00000 0.00000 -1.00000 0.00000 0.00584 0.00586 0.78536 0.78537 0.89356 1.00000 0
0.00000 0.00000 -1.00000 0.00000 0.00543 0.00540 0.78520 0.78519 0.89356 1.00000 0
0.00000 0.00000 -1.00000 0.00000 0.00493 0.00485 0.78499 0.78497 0.89356 1.00000 0
0.00000 0.00000 -1.00000 0.00000 0.00435 0.00423 0.78476 0.78473 0.89356 1.00000 0
0.00000 0.00000 -1.00000 0.00000 0.00371 0.00356 0.78450 0.78446 0.89356 1.00000 0
0.00000 0.00000 -1.00000 0.00000 0.00302 0.00287 0.78422 0.78418 0.89356 1.00000 0
0.00000 0.00000 -1.00000 0.00000 0.00232 0.00216 0.78394 0.78390 0.89356 1.00000 0
0.00000 0.00000 -1.00000 0.00000 0.00162 0.00146 0.78366 0.78362 0.89356 1.00000 0
0.00000 0.00000 -1.00000 0.00000 0.00093 0.00078 0.78338 0.78334 0.89356 1.00000 0
0.00000 0.00000 -1.00000 0.00000 0.00028 0.00014 0.78311 0.78308 0.89356 1.00000 0
0.00000 0.00000 -1.00000 0.00000 0.00000 0.00000 0.78287 0.78284 0.89356 1.00000 0
0.00000 0.00000 -1.00000 0.00000 0.00000 0.00000 0.78265 0.78262 0.89356 1.00000 0
0.00000 0.00000 -1.00000 0.00000 0.00000 0.00000 0.78245 0.78243 0.89356 1.00000 0
0.00000 0.00000 -1.00000 0.00000 0.00000 0.00000 0.78229 0.78228 0.89356 1.00000 0
0.00000 0.00000 -1.00000 0.00000 0.00000 0.00000 0.78216 0.78215 0.89356 1.00000 0
0.00000 0.00000 -1.00000 0.00000 0.00000 0.00000 0.78207 0.78206 0.89356 1.00000 0
0.00000 0.00000 -1.00000 0.00000 0.00000 0.00000 0.78201 0.78201 0.89356 1.00000 0
0.00000 0.00000 -1.00000 0.00000 0.00000 0.00000 0.78198 0.78198 0.89356 1.00000 0
0.00000 0.00000 -1.00000 0.00000 0.00000 0.00000 0.78199 0.78199 0.89356 1.00000 0
0.00000 0.00000 -1.00000 0.00000 0.00000 0.00000 0.78202 0.78203 0.89356 1.00000 0
0.00000 0.00000 -1.00000 0.00000 0.00000 0.00000 0.78208 0.78209 0.89356 1.00000 0
0.00000 0.00000 -1.00000 0.00000 0.00000 0.00000 0.78217 0.78218 0.89356 1.00000 0
0.00000 0.00000 -1.00000 0.00000 0.00000 0.00000 0.78227 0.78228 0.89356 1.00000 0
0.00000 0.00000 -1.00000 0.00000 0.00000 0.00000 0.78239 0.78240 0.89356 1.00000 0
0.00000 0.00000 -1.00000 0.00000 0.00000 0.00000 0.78253 0.78254 0.89356 1.00000 0
0.00000 0.00000 -1.00000 0.00000 0.00000 0.00000 0.78267 0.78267 0.89356 1.00000 0
0.00000 0.00000 -1.00000 0.00000 0.00000 0.00000 0.78281 0.78281 0.89356 1.00000 0
0.00000 0.00000 -1.00000 0.00000 0.00000 0.00000 0.78295 0.78295 0.89356 1.00000 0
0.00000 0.00000 -1.00000 0.00000 0.00019 0.00020 0.78309 0.78309 0.89356 1.00000 0
0.00000 0.00000 -1.00000 0.00000 0.00051 0.00052 0.78322 0.78322 0.89356 1.00000 0
0.00000 0.00000 -1.00000 0.00000 0.00081 0.00081 0.78334 0.78334 0.89356 1.00000 0
0.00000 0.00000 -1.00000 0.00000 0.00108 0.00107 0.78345 0.78344 0.89356 1.00000 0
0.00000 0.00000 -1.00000 0.00000 0.00132 0.00130 0.78354 0.78354 0.89356 1.00000 0
0.00000 0.00000 -1.00000 0.00000 0.00151 0.00150 0.78362 0.78361 0.89356 1.00000 0
0.00000 0.00000 -1.00000 0.00000 0.00167 0.00165 0.78368 0.78368 0.89356 1.00000 0
0.00000 0.00000 -1.00000 0.00000 0.00178 0.00176 0.78373 0.78372 0.89356 1.00000 0
0.00000 0.00000 -1.00000 0.00000 0.00168 0.00165 0.78368 0.78367 0.89344 1.00000 0
0.00000 0.00000 -1.00000 0.00000 0.00141 0.00138 0.78356 0.78356 0.89332 1.00000 0
0.00000 0.00000 -1.00000 0.00000 0.00101 0.00097 0.78339 0.78339 0.89320 1.00000 0
0.00000 0.00000 -1.00000 0.00000 0.00050 0.00047 0.78318 0.78317 0.89308 1.00000 0
0.00000 0.00000 -1.00000 0.00000 0.00000 0.00000 0.78294 0.78293 0.89296 1.00000 0
0.00000 0.00000 -1.00000 0.00000 0.00000 0.00000 0.78268 0.78267 0.89284 1.00000 0
0.00000 0.00000 -1.00000 0.00000 0.00000 0.00000 0.78241 0.78240 0.89273 1.00000 0
0.00000 0.00000 -1.00000 0.00000 0.00000 0.00000 0.78214 0.78213 0.89261 1.00000 0
0.00000 0.00000 -1.00000 0.00000 0.00000 0.00000 0.78187 0.78187 0.89250 1.00000 0
0.00000 0.00000 -1.00000 0.00000 0.00000 0.00000 0.78163 0.78163 0.89239 1.00000 0
0.00000 0.00000 -1.00000 0.00000 0.00000 0.00000 0.78141 0.78141 0.89228 1.00000 0
0.00000 0.00000 -1.00000 0.00000 0.00000 0.00000 0.78121 0.78121 0.89218 1.00000 0
0.00000 0.00000 -1.00000 0.00000 0.00000 0.00000 0.78104 0.78105 0.89208 1.00000 0
0.00000 0.00000 -1.00000 0.00000 0.00000 0.00000 0.78091 0.78091 0.89209 1.00000 0
0.00000 0.00000 -1.00000 0.00000 0.00000 0.00000 0.78081 0.78081 0.89211 1.00000 0
0.00000 0.00000 -1.00000 0.00000 0.00000 0.00000 0.78075 0.78075 0.89215 1.00000 0
0.00000 0.00000 -1.00000 0.00000 0.00000 0.00000 0.78071 0.78071 0.89219 1.00000 0
0.00000 0.00000 -1.00000 0.00000 0.00000 0.00000 0.78071 0.78071 0.89223 1.00000 0
0.00000 0.00000 -1.00000 0.00000 0.00000 0.00000 0.78073 0.78073 0.89228 1.00000 0
0.00000 0.00000 -1.00000 0.00000 0.00000 0.00000 0.78078 0.78078 0.89233 1.00000 0
0.00000 0.00000 -1.00000 0.00000 0.00000 0.00000 0.78084 0.78085 0.89238 1.00000 0
0.00000 0.00000 -1.00000 0.00000 0.00000 0.00000 0.78093 0.78093 0.89244 1.00000 0
0.00000 0.00000 -1.00000 0.00000 0.00000 0.00000 0.78102 0.78103 0.89249 1.00000 0
0.00000 0.00000 -1.00000 0.00000 0.00000 0.00000 0.78113 0.78113 0.89255 1.00000 0
0.00000 0.00000 -1.00000 0.00000 0.00000 0.00000 0.78124 0.78124 0.89260 1.00000 0
0.00000 0.00000 -1.00000 0.00000 0.00000 0.00000 0.78135 0.78135 0.89266 1.00000 0
0.00000 0.00000 -1.00000 0.00000 0.00000 0.00000 0.78146 0.78146 0.89270 1.00000 0
0.00000 0.00000 -1.00000 0.00000 0.00000 0.00000 0.78157 0.78157 0.89275 1.00000 0
0.00000 0.00000 -1.00000 0.00000 0.00000 0.00000 0.78167 0.78167 0.89279 1.00000 0
0.00000 0.00000 -1.00000 0.00000 0.00000 0.00000 0.78176 0.78175 0.89282 1.00000 0
0.00000 0.00000 -1.00000 0.00000 0.00000 0.00000 0.78183 0.78183 0.89284 1.00000 0
0.00000 0.00000 -1.00000 0.00000 0.00000 0.00000 0.78190 0.78190 0.89285 1.00000 0
0.00000 0.00000 -1.00000 0.00000 0.00000 0.00000 0.78195 0.78195 0.89286 1.00000 0
0.00000 0.00000 -1.00000 0.00000 0.00000 0.00000 0.78199 0.78199 0.89285 1.00000 0
0.00000 0.00000 -1.00000 0.00000 0.00000 0.00000 0.78202 0.78202 0.89283 1.00000 0
0.00000 0.00000 -1.00000 0.00000 0.00000 0.00000 0.78204 0.78204 0.89280 1.00000 0
0.00000 0.00000 -1.00000 0.00000 0.00000 0.00000 0.78204 0.78204 0.00000 0.00000 0
0.00000 0.00000 -1.00000 0.00000 0.00328 0.00420 0.78439 0.78462 0.89449 1.00000 0
0.00000 0.00000 -1.00000 0.00000 0.00348 0.00456 0.78449 0.78475 0.89449 1.00000 0
0.00000 0.00000 -1.00000 0.00000 0.00376 0.00487 0.78460 0.78487 0.89449 1.00000 0
0.00000 0.00000 -1.00000 0.00000 0.00404 0.00511 0.78471 0.78497 0.89449 1.00000 0
0.00000 0.00000 -1.00000 0.00000 0.00429 0.00524 0.78480 0.78503 0.89449 1.00000 0
0.00000 0.00000 -1.00000 0.00000 0.76525 0.00527 0.78486 0.78506 0.89449 1.00000 0
0.00000 0.00000 -1.00000 0.00000 0.76528 0.00520 0.78489 0.78504 0.89449 1.00000 0
0.00000 0.00000 -1.00000 0.00000 0.76527 0.00502 0.78489 0.78499 0.89449 1.00000 0
0.00000 0.00000 -1.00000 0.00000 0.76522 0.00476 0.78484 0.78490 0.89449 1.00000 0
0.00000 0.00000 -1.00000 0.00000 0.00437 0.00442 0.78476 0.78478 0.89449 1.00000 0
0.00000 0.00000 -1.00000 0.00000 0.00412 0.00401 0.78465 0.78463 0.89449 1.00000 0
0.00000 0.00000 -1.00000 0.00000 0.00380 0.00355 0.78451 0.78445 0.89449 1.00000 0
0.00000 0.00000 -1.00000 0.00000 0.00341 0.00305 0.78435 0.78426 0.89449 1.00000 0
0.00000 0.00000 -1.00000 0.00000 0.00296 0.00254 0.78417 0.78406 0.89449 1.00000 0
0.00000 0.00000 -1.00000 0.00000 0.00248 0.00201 0.78397 0.78386 0.89449 1.00000 0
0.00000 0.00000 -1.00000 0.00000 0.00198 0.00149 0.78377 0.78365 0.89449 1.00000 0
0.00000 0.00000 -1.00000 0.00000 0.00146 0.00098 0.78356 0.78344 0.89449 1.00000 0
0.00000 0.00000 -1.00000 0.00000 0.00096 0.00050 0.78336 0.78325 0.89449 1.00000 0
0.00000 0.00000 -1.00000 0.00000 0.00046 0.00005 0.78316 0.78306 0.89449 1.00000 0
0.00000 0.00000 -1.00000 0.00000 0.00000 0.00000 0.78298 0.78289 0.89449 1.00000 0
0.00000 0.00000 -1.00000 0.00000 0.00000 0.00000 0.78282 0.78275 0.89449 1.00000 0
0.00000 0.00000 -1.00000 0.00000 0.00000 0.00000 0.78267 0.78262 0.89449 1.00000 0
0.00000 0.00000 -1.00000 0.00000 0.00000 0.00000 0.78255 0.78251 0.89449 1.00000 0
0.00000 0.00000 -1.00000 0.00000 0.00000 0.00000 0.78245 0.78243 0.89449 1.00000 0
0.00000 0.00000 -1.00000 0.00000 0.00000 0.00000 0.78238 0.78237 0.89449 1.00000 0
0.00000 0.00000 -1.00000 0.00000 0.00000 0.00000 0.78233 0.78234 0.89449 1.00000 0
0.00000 0.00000 -1.00000 0.00000 0.00000 0.00000 0.78230 0.78232 0.89449 1.00000 0
0.00000 0.00000 -1.00000 0.00000 0.00000 0.00000 0.78231 0.78233 0.89449 1.00000 0
0.00000 0.00000 -1.00000 0.00000 0.00000 0.00000 0.78233 0.78236 0.89449 1.00000 0
0.00000 0.00000 -1.00000 0.00000 0.00000 0.00000 0.78237 0.78241 0.89449 1.00000 0
0.00000 0.00000 -1.00000 0.00000 0.00000 0.00000 0.78243 0.78247 0.89449 1.00000 0
0.00000 0.00000 -1.00000 0.00000 0.00000 0.00000 0.78251 0.78255 0.89449 1.00000 0
0.00000 0.00000 -1.00000 0.00000 0.00000 0.00000 0.78260 0.78263 0.89449 1.00000 0
0.00000 0.00000 -1.00000 0.00000 0.00000 0.00000 0.78269 0.78273 0.89449 1.00000 0
0.00000 0.00000 -1.00000 0.00000 0.00000 0.00000 0.78280 0.78282 0.89449 1.00000 0
0.00000 0.00000 -1.00000 0.00000 0.00000 0.00000 0.78290 0.78292 0.89449 1.00000 0
0.00000 0.00000 -1.00000 0.00000 0.00000 0.00006 0.78300 0.78302 0.89449 1.00000 0
0.00000 0.00000 -1.00000 0.00000 0.00023 0.00029 0.78311 0.78312 0.89449 1.00000 0
0.00000 0.00000 -1.00000 0.00000 0.00048 0.00051 0.78320 0.78321 0.89449 1.00000 0
0.00000 0.00000 -1.00000 0.00000 0.00070 0.00072 0.78329 0.78330 0.89449 1.00000 0
0.00000 0.00000 -1.00000 0.00000 0.00090 0.00090 0.78337 0.78337 0.89449 1.00000 0
0.00000 0.00000 -1.00000 0.00000 0.00108 0.00106 0.78344 0.78344 0.89449 1.00000 0
0.00000 0.00000 -1.00000 0.00000 0.00122 0.00120 0.78350 0.78349 0.89449 1.00000 0
0.00000 0.00000 -1.00000 0.00000 0.00134 0.00131 0.78355 0.78354 0.89449 1.00000 0
0.00000 0.00000 -1.00000 0.00000 0.00143 0.00139 0.78358 0.78357 0.89449 1.00000 0
0.00000 0.00000 -1.00000 0.00000 0.00148 0.00144 0.78360 0.78359 0.89449 1.00000 0
0.00000 0.00000 -1.00000 0.00000 0.00150 0.00146 0.78361 0.78360 0.89449 1.00000 0
0.00000 0.00000 -1.00000 0.00000 0.00150 0.00146 0.78361 0.78360 0.89449 1.00000 0
0.00000 0.00000 -1.00000 0.00000 0.00147 0.00144 0.78359 0.78359 0.89449 1.00000 0
0.00000 0.00000 -1.00000 0.00000 0.00142 0.00139 0.78357 0.78357 0.89449 1.00000 0
0.00000 0.00000 -1.00000 0.00000 0.00134 0.00132 0.78354 0.78354 0.89449 1.00000 0
0.00000 0.00000 -1.00000 0.00000 0.00107 0.00105 0.78343 0.78343 0.89436 1.00000 0
0.00000 0.00000 -1.00000 0.00000 0.00067 0.00065 0.78327 0.78326 0.89423 1.00000 0
0.00000 0.00000 -1.00000 0.00000 0.00017 0.00016 0.78306 0.78305 0.89410 1.00000 0
0.00000 0.00000 -1.00000 0.00000 0.00000 0.00000 0.78282 0.78282 0.89397 1.00000 0
0.00000 0.00000 -1.00000 0.00000 0.00000 0.00000 0.78257 0.78256 0.89383 1.00000 0
0.00000 0.00000 -1.00000 0.00000 0.00000 0.00000 0.78230 0.78230 0.89370 1.00000 0
0.00000 0.00000 -1.00000 0.00000 0.00000 0.00000 0.78204 0.78204 0.89358 1.00000 0
0.00000 0.00000 -1.00000 0.00000 0.00000 0.00000 0.78179 0.78179 0.89345 1.00000 0
0.00000 0.00000 -1.00000 0.00000 0.00000 0.00000 0.78156 0.78156 0.89333 1.00000 0
0.00000 0.00000 -1.00000 0.00000 0.00000 0.00000 0.78135 0.78135 0.89321 1.00000 0
0.00000 0.00000 -1.00000 0.00000 0.00000 0.00000 0.78116 0.78116 0.89309 1.00000 0
0.00000 0.00000 -1.00000 0.00000 0.00000 0.00000 0.78101 0.78101 0.89298 1.00000 0
0.00000 0.00000 -1.00000 0.00000 0.00000 0.00000 0.78089 0.78089 0.89288 1.00000 0
0.00000 0.00000 -1.00000 0.00000 0.00000 0.00000 0.78080 0.78080 0.89278 1.00000 0
0.00000 0.00000 -1.00000 0.00000 0.00000 0.00000 0.78075 0.78076 0.89269 1.00000 0
0.00000 0.00000 -1.00000 0.00000 0.00000 0.00000 0.78072 0.78074 0.89261 1.00000 0
0.00000 0.00000 -1.00000 0.00000 0.00000 0.00000 0.78073 0.78075 0.89253 1.00000 0
0.00000 0.00000 -1.00000 0.00000 0.00000 0.00000 0.78076 0.78079 0.89245 1.00000 0
0.00000 0.00000 -1.00000 0.00000 0.00000 0.00000 0.78082 0.78085 0.89236 1.00000 0
0.00000 0.00000 -1.00000 0.00000 0.00000 0.00000 0.78089 0.78093 0.89227 1.00000 0
0.00000 0.00000 -1.00000 0.00000 0.00000 0.00000 0.78098 0.78102 0.89218 1.00000 0
0.00000 0.00000 -1.00000 0.00000 0.00000 0.00000 0.78109 0.78112 0.89207 1.00000 0
0.00000 0.00000 -1.00000 0.00000 0.00000 0.00000 0.78119 0.78122 0.89204 1.00000 0
0.00000 0.00000 -1.00000 0.00000 0.00000 0.00000 0.78130 0.78133 0.89202 1.00000 0
0.00000 0.00000 -1.00000 0.00000 0.00000 0.00000 0.78142 0.78143 0.89199 1.00000 0
0.00000 0.00000 -1.00000 0.00000 0.00000 0.00000 0.78152 0.78153 0.89195 1.00000 0
0.00000 0.00000 -1.00000 0.00000 0.00000 0.00000 0.78162 0.78163 0.89190 1.00000 0
0.00000 0.00000 -1.00000 0.00000 0.00000 0.00000 0.78172 0.78172 0.89184 1.00000 0
0.00000 0.00000 -1.00000 0.00000 0.00000 0.00000 0.78180 0.78180 0.89176 1.00000 0
0.00000 0.00000 -1.00000 0.00000 0.00000 0.00000 0.78187 0.78186 0.89167 1.00000 0
0.00000 0.00000 -1.00000 0.00000 0.00000 0.00000 0.78193 0.78192 0.89168 1.00000 0
0.00000 0.00000 -1.00000 0.00000 0.00000 0.00000 0.78197 0.78196 0.89170 1.00000 0
0.00000 0.00000 -1.00000 0.00000 0.00000 0.00000 0.78200 0.78199 0.89171 1.00000 0
0.00000 0.00000 -1.00000 0.00000 0.00000 0.00000 0.78202 0.78201 0.89173 1.00000 0
0.00000 0.00000 -1.00000 0.00000 0.00000 0.00000 0.78203 0.78202 0.89174 1.00000 0
0.00000 0.00000 -1.00000 0.00000 0.00000 0.00000 0.78203 0.78202 0.89175 1.00000 0
0.00000 0.00000 -1.00000 0.00000 0.00000 0.00000 0.78201 0.78200 0.00000 0.00000 0
0.00000 0.00000 -1.00000 0.00000 0.00146 0.00088 0.78355 0.78340 0.89380 1.00000 0
0.00000 0.00000 -1.00000 0.00000 0.00221 0.00144 0.78383 0.78364 0.89380 1.00000 0
0.00000 0.00000 -1.00000 0.00000 0.00300 0.00214 0.78414 0.78393 0.89380 1.00000 0
0.00000 0.00000 -1.00000 0.00000 0.00377 0.00288 0.78444 0.78422 0.89380 1.00000 0
0.00000 0.00000 -1.00000 0.00000 0.00446 0.00361 0.78472 0.78451 0.89380 1.00000 0
0.00000 0.00000 -1.00000 0.00000 0.00503 0.00428 0.78496 0.78477 0.89380 1.00000 0
0.00000 0.00000 -1.00000 0.00000 0.00548 0.00485 0.78515 0.78499 0.89380 1.00000 0
0.00000 0.00000 -1.00000 0.00000 0.00580 0.00531 0.78528 0.78517 0.89380 1.00000 0
0.00000 0.00000 -1.00000 0.00000 0.00597 0.00563 0.78537 0.78529 0.89380 1.00000 0
0.00000 0.00000 -1.00000 0.00000 0.00600 0.00581 0.78540 0.78535 0.89380 1.00000 0
0.00000 0.00000 -1.00000 0.00000 0.00591 0.00586 0.78537 0.78536 0.89380 1.00000 0
0.00000 0.00000 -1.00000 0.00000 0.00570 0.00577 0.78530 0.78532 0.89380 1.00000 0
0.00000 0.00000 -1.00000 0.00000 0.00537 0.00556 0.78518 0.78523 0.89380 1.00000 0
0.00000 0.00000 -1.00000 0.00000 0.00496 0.00523 0.78503 0.78509 0.89380 1.00000 0
0.00000 0.00000 -1.00000 0.00000 0.00447 0.00481 0.78484 0.78492 0.89380 1.00000 0
0.00000 0.00000 -1.00000 0.00000 0.00392 0.00430 0.78462 0.78471 0.89380 1.00000 0
0.00000 0.00000 -1.00000 0.00000 0.00333 0.00373 0.78438 0.78448 0.89380 1.00000 0
0.00000 0.00000 -1.00000 0.00000 0.00271 0.00311 0.78414 0.78423 0.89380 1.00000 0
0.00000 0.00000 -1.00000 0.00000 0.00207 0.00246 0.78388 0.78397 0.89380 1.00000 0
0.00000 0.00000 -1.00000 0.00000 0.00145 0.00181 0.78363 0.78371 0.89380 1.00000 0
0.00000 0.00000 -1.00000 0.00000 0.00084 0.00116 0.78338 0.78345 0.89380 1.00000 0
0.00000 0.00000 -1.00000 0.00000 0.00026 0.00054 0.78314 0.78321 0.89380 1.00000 0
0.00000 0.00000 -1.00000 0.00000 0.00000 0.00000 0.78292 0.78297 0.89380 1.00000 0
0.00000 0.00000 -1.00000 0.00000 0.00000 0.00000 0.78272 0.78276 0.89380 1.00000 0
0.00000 0.00000 -1.00000 0.00000 0.00000 0.00000 0.78255 0.78258 0.89380 1.00000 0
0.00000 0.00000 -1.00000 0.00000 0.00000 0.00000 0.78240 0.78242 0.89380 1.00000 0
0.00000 0.00000 -1.00000 0.00000 0.00000 0.00000 0.78228 0.78229 0.89380 1.00000 0
0.00000 0.00000 -1.00000 0.00000 0.00000 0.00000 0.78219 0.78219 0.89380 1.00000 0
0.00000 0.00000 -1.00000 0.00000 0.00000 0.00000 0.78213 0.78212 0.89380 1.00000 0
0.00000 0.00000 -1.00000 0.00000 0.00000 0.00000 0.78211 0.78209 0.89380 1.00000 0
0.00000 0.00000 -1.00000 0.00000 0.00000 0.00000 0.78210 0.78209 0.89380 1.00000 0
0.00000 0.00000 -1.00000 0.00000 0.00000 0.00000 0.78213 0.78211 0.89380 1.00000 0
0.00000 0.00000 -1.00000 0.00000 0.00000 0.00000 0.78218 0.78216 0.89380 1.00000 0
0.00000 0.00000 -1.00000 0.00000 0.00000 0.00000 0.78225 0.78223 0.89380 1.00000 0
0.00000 0.00000 -1.00000 0.00000 0.00000 0.00000 0.78234 0.78232 0.89380 1.00000 0
0.00000 0.00000 -1.00000 0.00000 0.00000 0.00000 0.78244 0.78243 0.89380 1.00000 0
0.00000 0.00000 -1.00000 0.00000 0.00000 0.00000 0.78256 0.78255 0.89380 1.00000 0
0.00000 0.00000 -1.00000 0.00000 0.00000 0.00000 0.78268 0.78267 0.89380 1.00000 0
0.00000 0.00000 -1.00000 0.00000 0.00000 0.00000 0.78281 0.78280 0.89380 1.00000 0
0.00000 0.00000 -1.00000 0.00000 0.00000 0.00000 0.78293 0.78294 0.89380 1.00000 0
0.00000 0.00000 -1.00000 0.00000 0.00012 0.00014 0.78306 0.78306 0.89380 1.00000 0
0.00000 0.00000 -1.00000 0.00000 0.00041 0.00044 0.78318 0.78318 0.89380 1.00000 0
0.00000 0.00000 -1.00000 0.00000 0.00068 0.00072 0.78329 0.78330 0.89380 1.00000 0
0.00000 0.00000 -1.00000 0.00000 0.00092 0.00098 0.78339 0.78340 0.89380 1.00000 0
0.00000 0.00000 -1.00000 0.00000 0.00114 0.00120 0.78347 0.78349 0.89380 1.00000 0
0.00000 0.00000 -1.00000 0.00000 0.00132 0.00139 0.78355 0.78356 0.89380 1.00000 0
0.00000 0.00000 -1.00000 0.00000 0.00147 0.00155 0.78361 0.78363 0.89380 1.00000 0
0.00000 0.00000 -1.00000 0.00000 0.00159 0.00166 0.78365 0.78367 0.89380 1.00000 0
0.00000 0.00000 -1.00000 0.00000 0.00167 0.00174 0.78368 0.78370 0.89380 1.00000 0
0.00000 0.00000 -1.00000 0.00000 0.00171 0.00178 0.78370 0.78372 0.89380 1.00000 0
0.00000 0.00000 -1.00000 0.00000 0.00172 0.00178 0.78370 0.78372 0.89380 1.00000 0
0.00000 0.00000 -1.00000 0.00000 0.00154 0.00159 0.78363 0.78364 0.89380 1.00000 0
0.00000 0.00000 -1.00000 0.00000 0.00120 0.00125 0.78348 0.78350 0.89380 1.00000 0
0.00000 0.00000 -1.00000 0.00000 0.00075 0.00079 0.78329 0.78330 0.89381 1.00000 0
0.00000 0.00000 -1.00000 0.00000 0.00020 0.00023 0.78306 0.78307 0.89381 1.00000 0
0.00000 0.00000 -1.00000 0.00000 0.00000 0.00000 0.78281 0.78281 0.89382 1.00000 0
0.00000 0.00000 -1.00000 0.00000 0.00000 0.00000 0.78254 0.78254 0.89382 1.00000 0
0.00000 0.00000 -1.00000 0.00000 0.00000 0.00000 0.78227 0.78227 0.89384 1.00000 0
0.00000 0.00000 -1.00000 0.00000 0.00000 0.00000 0.78200 0.78200 0.89385 1.00000 0
0.00000 0.00000 -1.00000 0.00000 0.00000 0.00000 0.78174 0.78174 0.89388 1.00000 0
0.00000 0.00000 -1.00000 0.00000 0.00000 0.00000 0.78151 0.78150 0.89391 1.00000 0
0.00000 0.00000 -1.00000 0.00000 0.00000 0.00000 0.78129 0.78129 0.89394 1.00000 0
0.00000 0.00000 -1.00000 0.00000 0.00000 0.00000 0.78111 0.78110 0.89399 1.00000 0
0.00000 0.00000 -1.00000 0.00000 0.00000 0.00000 0.78096 0.78095 0.89405 1.00000 0
0.00000 0.00000 -1.00000 0.00000 0.00000 0.00000 0.78084 0.78084 0.89412 1.00000 0
0.00000 0.00000 -1.00000 0.00000 0.00000 0.00000 0.78076 0.78075 0.89420 1.00000 0
0.00000 0.00000 -1.00000 0.00000 0.00000 0.00000 0.78071 0.78070 0.89429 1.00000 0
0.00000 0.00000 -1.00000 0.00000 0.00000 0.00000 0.78069 0.78069 0.89440 1.00000 0
0.00000 0.00000 -1.00000 0.00000 0.00000 0.00000 0.78073 0.78073 0.89453 1.00000 0
0.00000 0.00000 -1.00000 0.00000 0.00000 0.00000 0.78080 0.78079 0.89465 1.00000 0
0.00000 0.00000 -1.00000 0.00000 0.00000 0.00000 0.78087 0.78087 0.89474 1.00000 0
0.00000 0.00000 -1.00000 0.00000 0.00000 0.00000 0.78097 0.78097 0.89482 1.00000 0
0.00000 0.00000 -1.00000 0.00000 0.00000 0.00000 0.78107 0.78107 0.89487 1.00000 0
0.00000 0.00000 -1.00000 0.00000 0.00000 0.00000 0.78118 0.78118 0.89489 1.00000 0
0.00000 0.00000 -1.00000 0.00000 0.00000 0.00000 0.78129 0.78129 0.89488 1.00000 0
0.00000 0.00000 -1.00000 0.00000 0.00000 0.00000 0.78140 0.78140 0.89483 1.00000 0
0.00000 0.00000 -1.00000 0.00000 0.00000 0.00000 0.78151 0.78151 0.89475 1.00000 0
0.00000 0.00000 -1.00000 0.00000 0.00000 0.00000 0.78161 0.78161 0.89463 1.00000 0
0.00000 0.00000 -1.00000 0.00000 0.00000 0.00000 0.78170 0.78170 0.89446 1.00000 0
0.00000 0.00000 -1.00000 0.00000 0.00000 0.00000 0.78178 0.78178 0.89424 1.00000 0
0.00000 0.00000 -1.00000 0.00000 0.00000 0.00000 0.78185 0.78186 0.89398 1.00000 0
0.00000 0.00000 -1.00000 0.00000 0.00000 0.00000 0.78191 0.78192 0.89366 1.00000 0
0.00000 0.00000 -1.00000 0.00000 0.00000 0.00000 0.78196 0.78196 0.89328 1.00000 0
0.00000 0.00000 -1.00000 0.00000 0.00000 0.00000 0.78200 0.78200 0.89285 1.00000 0
0.00000 0.00000 -1.00000 0.00000 0.00000 0.00000 0.78202 0.78202 0.89235 1.00000 0
0.00000 0.00000 -1.00000 0.00000 0.00000 0.00000 0.78203 0.78203 0.89179 1.00000 0
0.00000 0.00000 -1.00000 0.00000 0.00000 0.00000 0.78203 0.78203 0.89116 1.00000 0
0.00000 0.00000 -1.00000 0.00000 0.00000 0.00000 0.78202 0.78202 0.00000 0.00000 0
0.00000 0.00000 -1.00000 0.00000 0.00000 0.00000 0.78270 0.78272 0.89356 1.00000 0
0.00000 0.00000 -1.00000 0.00000 0.00000 0.00000 0.78277 0.78283 0.89356 1.00000 0
0.00000 0.00000 -1.00000 0.00000 0.00000 0.00025 0.78300 0.78308 0.89356 1.00000 0
0.00000 0.00000 -1.00000 0.00000 0.00071 0.00113 0.78332 0.78342 0.89356 1.00000 0
0.00000 0.00000 -1.00000 0.00000 0.00162 0.00209 0.78368 0.78380 0.89356 1.00000 0
0.00000 0.00000 -1.00000 0.00000 0.00254 0.00306 0.78406 0.78418 0.89356 1.00000 0
0.00000 0.00000 -1.00000 0.00000 0.00344 0.00396 0.78441 0.78454 0.89356 1.00000 0
0.00000 0.00000 -1.00000 0.00000 0.00425 0.00476 0.78474 0.78486 0.89356 1.00000 0
0.00000 0.00000 -1.00000 0.00000 0.00495 0.76557 0.78501 0.78513 0.89356 1.00000 0
0.00000 0.00000 -1.00000 0.00000 0.00552 0.76584 0.78524 0.78534 0.89356 1.00000 0
0.00000 0.00000 -1.00000 0.00000 0.00594 0.76603 0.78541 0.78550 0.89356 1.00000 0
0.00000 0.00000 -1.00000 0.00000 0.00621 0.76614 0.78551 0.78559 0.89356 1.00000 0
0.00000 0.00000 -1.00000 0.00000 0.00633 0.76618 0.78556 0.78562 0.89356 1.00000 0
0.00000 0.00000 -1.00000 0.00000 0.00630 0.76614 0.78555 0.78559 0.89356 1.00000 0
0.00000 0.00000 -1.00000 0.00000 0.00614 0.00622 0.78548 0.78550 0.89356 1.00000 0
0.00000 0.00000 -1.00000 0.00000 0.00584 0.00586 0.78536 0.78537 0.89356 1.00000 0
0.00000 0.00000 -1.00000 0.00000 0.00543 0.00540 0.78520 0.78519 0.89356 1.00000 0
0.00000 0.00000 -1.00000 0.00000 0.00493 0.00485 0.78499 0.78497 0.89356 1.00000 0
0.00000 0.00000 -1.00000 0.00000 0.00435 0.00423 0.78476 0.78473 0.89356 1.00000 0
0.00000 0.00000 -1.00000 0.00000 0.00371 0.00356 0.78450 0.78446 0.89356 1.00000 0
0.00000 0.00000 -1.00000 0.00000 0.00302 0.00287 0.78422 0.78418 0.89356 1.00000 0
0.00000 0.00000 -1.00000 0.00000 0.00232 0.00216 0.78394 0.78390 0.89356 1.00000 0
0.00000 0.00000 -1.00000 0.00000 0.00162 0.00146 0.78366 0.78362 0.89356 1.00000 0
0.00000 0.00000 -1.00000 0.00000 0.00093 0.00078 0.78338 0.78334 0.89356 1.00000 0
0.00000 0.00000 -1.00000 0.00000 0.00028 0.00014 0.78311 0.78308 0.89356 1.00000 0
0.00000 0.00000 -1.00000 0.00000 0.00000 0.00000 0.78287 0.78284 0.89356 1.00000 0
0.00000 0.00000 -1.00000 0.00000 0.00000 0.00000 0.78265 0.78262 0.89356 1.00000 0
0.00000 0.00000 -1.00000 0.00000 0.00000 0.00000 0.78245 0.78243 0.89356 1.00000 0
0.00000 0.00000 -1.00000 0.00000 0.00000 0.00000 0.78229 0.78228 0.89356 1.00000 0
0.00000 0.00000 -1.00000 0.00000 0.00000 0.00000 0.78216 0.78215 0.89356 1.00000 0
0.00000 0.00000 -1.00000 0.00000 0.00000 0.00000 0.78207 0.78206 0.89356 1.00000 0
0.00000 0.00000 -1.00000 0.00000 0.00000 0.00000 0.78201 0.78201 0.89356 1.00000 0
0.00000 0.00000 -1.00000 0.00000 0.00000 0.00000 0.78198 0.78198 0.89356 1.00000 0
0.00000 0.00000 -1.00000 0.00000 0.00000 0.00000 0.78199 0.78199 0.89356 1.00000 0
0.00000 0.00000 -1.00000 0.00000 0.00000 0.00000 0.78202 0.78203 0.89356 1.00000 0
0.00000 0.00000 -1.00000 0.00000 0.00000 0.00000 0.78208 0.78209 0.89356 1.00000 0
0.00000 0.00000 -1.00000 0.00000 0.00000 0.00000 0.78217 0.78218 0.89356 1.00000 0
0.00000 0.00000 -1.00000 0.00000 0.00000 0.00000 0.78227 0.78228 0.89356 1.00000 0
0.00000 0.00000 -1.00000 0.00000 0.00000 0.00000 0.78239 0.78240 0.89356 1.00000 0
0.00000 0.00000 -1.00000 0.00000 0.00000 0.00000 0.78253 0.78254 0.89356 1.00000 0
0.00000 0.00000 -1.00000 0.00000 0.00000 0.00000 0.78267 0.78267 0.89356 1.00000 0
0.00000 0.00000 -1.00000 0.00000 0.00000 0.00000 0.78281 0.78281 0.89356 1.00000 0
0.00000 0.00000 -1.00000 0.00000 0.00000 0.00000 0.78295 0.78295 0.89356 1.00000 0
0.00000 0.00000 -1.00000 0.00000 0.00019 0.00020 0.78309 0.78309 0.89356 1.00000 0
0.00000 0.00000 -1.00000 0.00000 0.00051 0.00052 0.78322 0.78322 0.89356 1.00000 0
0.00000 0.00000 -1.00000 0.00000 0.00081 0.00081 0.78334 0.78334 0.89356 1.00000 0
0.00000 0.00000 -1.00000 0.00000 0.00108 0.00107 0.78345 0.78344 0.89356 1.00000 0
0.00000 0.00000 -1.00000 0.00000 0.00132 0.00130 0.78354 0.78354 0.89356 1.00000 0
0.00000 0.00000 -1.00000 0.00000 0.00151 0.00150 0.78362 0.78361 0.89356 1.00000 0
0.00000 0.00000 -1.00000 0.00000 0.00167 0.00165 0.78368 0.78368 0.89356 1.00000 0
0.00000 0.00000 -1.00000 0.00000 0.00178 0.00176 0.78373 0.78372 0.89356 1.00000 0
0.00000 0.00000 -1.00000 0.00000 0.00168 0.00165 0.78368 0.78367 0.89344 1.00000 0
0.00000 0.00000 -1.00000 0.00000 0.00141 0.00138 0.78356 0.78356 0.89332 1.00000 0
0.00000 0.00000 -1.00000 0.00000 0.00101 0.00097 0.78339 0.78339 0.89320 1.00000 0
0.00000 0.00000 -1.00000 0.00000 0.00050 0.00047 0.78318 0.78317 0.89308 1.00000 0
0.00000 0.00000 -1.00000 0.00000 0.00000 0.00000 0.78294 0.78293 0.89296 1.00000 0
0.00000 0.00000 -1.00000 0.00000 0.00000 0.00000 0.78268 0.78267 0.89284 1.00000 0
0.00000 0.00000 -1.00000 0.00000 0.00000 0.00000 0.78241 0.78240 0.89273 1.00000 0
0.00000 0.00000 -1.00000 0.00000 0.00000 0.00000 0.78214 0.78213 0.89261 1.00000 0
0.00000 0.00000 -1.00000 0.00000 0.00000 0.00000 0.78187 0.78187 0.89250 1.00000 0
0.00000 0.00000 -1.00000 0.00000 0.00000 0.00000 0.78163 0.78163 0.89239 1.00000 0
0.00000 0.00000 -1.00000 0.00000 0.00000 0.00000 0.78141 0.78141 0.89228 1.00000 0
0.00000 0.00000 -1.00000 0.00000 0.00000 0.00000 0.78121 0.78121 0.89218 1.00000 0
0.00000 0.00000 -1.00000 0.00000 0.00000 0.00000 0.78104 0.78105 0.89208 1.00000 0
0.00000 0.00000 -1.00000 0.00000 0.00000 0.00000 0.78091 0.78091 0.89209 1.00000 0
0.00000 0.00000 -1.00000 0.00000 0.00000 0.00000 0.78081 0.78081 0.89211 1.00000 0
0.00000 0.00000 -1.00000 0.00000 0.00000 0.00000 0.78075 0.78075 0.89215 1.00000 0
0.00000 0.00000 -1.00000 0.00000 0.00000 0.00000 0.78071 0.78071 0.89219 1.00000 0
0.00000 0.00000 -1.00000 0.00000 0.00000 0.00000 0.78071 0.78071 0.89223 1.00000 0
0.00000 0.00000 -1.00000 0.00000 0.00000 0.00000 0.78073 0.78073 0.89228 1.00000 0
0.00000 0.00000 -1.00000 0.00000 0.00000 0.00000 0.78078 0.78078 0.89233 1.00000 0
0.00000 0.00000 -1.00000 0.00000 0.00000 0.00000 0.78084 0.78085 0.89238 1.00000 0
0.00000 0.00000 -1.00000 0.00000 0.00000 0.00000 0.78093 0.78093 0.89244 1.00000 0
0.00000 0.00000 -1.00000 0.00000 0.00000 0.00000 0.78102 0.78103 0.89249 1.00000 0
0.00000 0.00000 -1.00000 0.00000 0.00000 0.00000 0.78113 0.78113 0.89255 1.00000 0
0.00000 0.00000 -1.00000 0.00000 0.00000 0.00000 0.78124 0.78124 0.89260 1.00000 0
0.00000 0.00000 -1.00000 0.00000 0.00000 0.00000 0.78135 0.78135 0.89266 1.00000 0
0.00000 0.00000 -1.00000 0.00000 0.00000 0.00000 0.78146 0.78146 0.89270 1.00000 0
0.00000 0.00000 -1.00000 0.00000 0.00000 0.00000 0.78157 0.78157 0.89275 1.00000 0
0.00000 0.00000 -1.00000 0.00000 0.00000 0.00000 0.78167 0.78167 0.89279 1.00000 0
0.00000 0.00000 -1.00000 0.00000 0.00000 0.00000 0.78176 0.78175 0.89282 1.00000 0
0.00000 0.00000 -1.00000 0.00000 0.00000 0.00000 0.78183 0.78183 0.89284 1.00000 0
0.00000 0.00000 -1.00000 0.00000 0.00000 0.00000 0.78190 0.78190 0.89285 1.00000 0
0.00000 0.00000 -1.00000 0.00000 0.00000 0.00000 0.78195 0.78195 0.89286 1.00000 0
0.00000 0.00000 -1.00000 0.00000 0.00000 0.00000 0.78199 0.78199 0.89285 1.00000 0
0.00000 0.00000 -1.00000 0.00000 0.00000 0.00000 0.78202 0.78202 0.89283 1.00000 0
0.00000 0.00000 -1.00000 0.00000 0.00000 0.00000 0.78204 0.78204 0.89280 1.00000 0
0.00000 0.00000 -1.00000 0.00000 0.00000 0.00000 0.78204 0.78204 0.00000 0.00000 0
0.00000 0.00000 -1.00000 0.00000 0.00000 0.00000 0.78270 0.78272 0.89356 1.00000 0
0.00000 0.00000 -1.00000 0.00000 0.00000 0.00000 0.78277 0.78283 0.89356 1.00000 0
0.00000 0.00000 -1.00000 0.00000 0.00000 0.00025 0.78300 0.78308 0.89356 1.00000 0
0.00000 0.00000 -1.00000 0.00000 0.00071 0.00113 0.78332 0.78342 0.89356 1.00000 0
0.00000 0.00000 -1.00000 0.00000 0.00162 0.00209 0.78368 0.78380 0.89356 1.00000 0
0.00000 0.00000 -1.00000 0.00000 0.00254 0.00306 0.78406 0.78418 0.89356 1.00000 0
0.00000 0.00000 -1.00000 0.00000 0.00344 0.00396 0.78441 0.78454 0.89356 1.00000 0
0.00000 0.00000 -1.00000 0.00000 0.00425 0.00476 0.78474 0.78486 0.89356 1.00000 0
0.00000 0.00000 -1.00000 0.00000 0.00495 0.76557 0.78501 0.78513 0.89356 1.00000 0
0.00000 0.00000 -1.00000 0.00000 0.00552 0.76584 0.78524 0.78534 0.89356 1.00000 0
0.00000 0.00000 -1.00000 0.00000 0.00594 0.76603 0.78541 0.78550 0.89356 1.00000 0
0.00000 0.00000 -1.00000 0.00000 0.00621 0.76614 0.78551 0.78559 0.89356 1.00000 0
0.00000 0.00000 -1.00000 0.00000 0.00633 0.76618 0.78556 0.78562 0.89356 1.00000 0
0.00000 0.00000 -1.00000 0.00000 0.00630 0.76614 0.78555 0.78559 0.89356 1.00000 0
0.00000 0.00000 -1.00000 0.00000 0.00614 0.00622 0.78548 0.78550 0.89356 1.00000 0
0.00000 0.00000 -1.00000 0.00000 0.00584 0.00586 0.78536 0.78537 0.89356 1.00000 0
0.00000 0.00000 -1.00000 0.00000 0.00543 0.00540 0.78520 0.78519 0.89356 1.00000 0
0.00000 0.00000 -1.00000 0.00000 0.00493 0.00485 0.78499 0.78497 0.89356 1.00000 0
0.00000 0.00000 -1.00000 0.00000 0.00435 0.00423 0.78476 0.78473 0.89356 1.00000 0
0.00000 0.00000 -1.00000 0.00000 0.00371 0.00356 0.78450 0.78446 0.89356 1.00000 0
0.00000 0.00000 -1.00000 0.00000 0.00302 0.00287 0.78422 0.78418 0.89356 1.00000 0
0.00000 0.00000 -1.00000 0.00000 0.00232 0.00216 0.78394 0.78390 0.89356 1.00000 0
0.00000 0.00000 -1.00000 0.00000 0.00162 0.00146 0.78366 0.78362 0.89356 1.00000 0
0.00000 0.00000 -1.00000 0.00000 0.00093 0.00078 0.78338 0.78334 0.89356 1.00000 0
0.00000 0.00000 -1.00000 0.00000 0.00028 0.00014 0.78311 0.78308 0.89356 1.00000 0
0.00000 0.00000 -1.00000 0.00000 0.00000 0.00000 0.78287 0.78284 0.89356 1.00000 0
0.00000 0.00000 -1.00000 0.00000 0.00000 0.00000 0.78265 0.78262 0.89356 1.00000 0
0.00000 0.00000 -1.00000 0.00000 0.00000 0.00000 0.78245 0.78243 0.89356 1.00000 0
0.00000 0.00000 -1.00000 0.00000 0.00000 0.00000 0.78229 0.78228 0.89356 1.00000 0
0.00000 0.00000 -1.00000 0.00000 0.00000 0.00000 0.78216 0.78215 0.89356 1.00000 0
0.00000 0.00000 -1.00000 0.00000 0.00000 0.00000 0.78207 0.78206 0.89356 1.00000 0
0.00000 0.00000 -1.00000 0.00000 0.00000 0.00000 0.78201 0.78201 0.89356 1.00000 0
0.00000 0.00000 -1.00000 0.00000 0.00000 0.00000 0.78198 0.78198 0.89356 1.00000 0
0.00000 0.00000 -1.00000 0.00000 0.00000 0.00000 0.78199 0.78199 0.89356 1.00000 0
0.00000 0.00000 -1.00000 0.00000 0.00000 0.00000 0.78202 0.78203 0.89356 1.00000 0
0.00000 0.00000 -1.00000 0.00000 0.00000 0.00000 0.78208 0.78209 0.89356 1.00000 0
0.00000 0.00000 -1.00000 0.00000 0.00000 0.00000 0.78217 0.78218 0.89356 1.00000 0
0.00000 0.00000 -1.00000 0.00000 0.00000 0.00000 0.78227 0.78228 0.89356 1.00000 0
0.00000 0.00000 -1.00000 0.00000 0.00000 0.00000 0.78239 0.78240 0.89356 1.00000 0
0.00000 0.00000 -1.00000 0.00000 0.00000 0.00000 0.78253 0.78254 0.89356 1.00000 0
0.00000 0.00000 -1.00000 0.00000 0.00000 0.00000 0.78267 0.78267 0.89356 1.00000 0
0.00000 0.00000 -1.00000 0.00000 0.00000 0.00000 0.78281 0.78281 0.89356 1.00000 0
0.00000 0.00000 -1.00000 0.00000 0.00000 0.00000 0.78295 0.78295 0.89356 1.00000 0
0.00000 0.00000 -1.00000 0.00000 0.00019 0.00020 0.78309 0.78309 0.89356 1.00000 0
0.00000 0.00000 -1.00000 0.00000 0.00051 0.00052 0.78322 0.78322 0.89356 1.00000 0
0.00000 0.00000 -1.00000 0.00000 0.00081 0.00081 0.78334 0.78334 0.89356 1.00000 0
0.00000 0.00000 -1.00000 0.00000 0.00108 0.00107 0.78345 0.78344 0.89356 1.00000 0
0.00000 0.00000 -1.00000 0.00000 0.00132 0.00130 0.78354 0.78354 0.89356 1.00000 0
0.00000 0.00000 -1.00000 0.00000 0.00151 0.00150 0.78362 0.78361 0.89356 1.00000 0
0.00000 0.00000 -1.00000 0.00000 0.00167 0.00165 0.78368 0.78368 0.89356 1.00000 0
0.00000 0.00000 -1.00000 0.00000 0.00178 0.00176 0.78373 0.78372 0.89356 1.00000 0
0.00000 0.00000 -1.00000 0.00000 0.00168 0.00165 0.78368 0.78367 0.89344 1.00000 0
0.00000 0.00000 -1.00000 0.00000 0.00141 0.00138 0.78356 0.78356 0.89332 1.00000 0
0.00000 0.00000 -1.00000 0.00000 0.00101 0.00097 0.78339 0.78339 0.89320 1.00000 0
0.00000 0.00000 -1.00000 0.00000 0.00050 0.00047 0.78318 0.78317 0.89308 1.00000 0
0.00000 0.00000 -1.00000 0.00000 0.00000 0.00000 0.78294 0.78293 0.89296 1.00000 0
0.00000 0.00000 -1.00000 0.00000 0.00000 0.00000 0.78268 0.78267 0.89284 1.00000 0
0.00000 0.00000 -1.00000 0.00000 0.00000 0.00000 0.78241 0.78240 0.89273 1.00000 0
0.00000 0.00000 -1.00000 0.00000 0.00000 0.00000 0.78214 0.78213 0.89261 1.00000 0
0.00000 0.00000 -1.00000 0.00000 0.00000 0.00000 0.78187 0.78187 0.89250 1.00000 0
0.00000 0.00000 -1.00000 0.00000 0.00000 0.00000 0.78163 0.78163 0.89239 1.00000 0
0.00000 0.00000 -1.00000 0.00000 0.00000 0.00000 0.78141 0.78141 0.89228 1.00000 0
0.00000 0.00000 -1.00000 0.00000 0.00000 0.00000 0.78121 0.78121 0.89218 1.00000 0
0.00000 0.00000 -1.00000 0.00000 0.00000 0.00000 0.78104 0.78105 0.89208 1.00000 0
0.00000 0.00000 -1.00000 0.00000 0.00000 0.00000 0.78091 0.78091 0.89209 1.00000 0
0.00000 0.00000 -1.00000 0.00000 0.00000 0.00000 0.78081 0.78081 0.89211 1.00000 0
0.00000 0.00000 -1.00000 0.00000 0.00000 0.00000 0.78075 0.78075 0.89215 1.00000 0
0.00000 0.00000 -1.00000 0.00000 0.00000 0.00000 0.78071 0.78071 0.89219 1.00000 0
0.00000 0.00000 -1.00000 0.00000 0.00000 0.00000 0.78071 0.78071 0.89223 1.00000 0
0.00000 0.00000 -1.00000 0.00000 0.00000 0.00000 0.78073 0.78073 0.89228 1.00000 0
0.00000 0.00000 -1.00000 0.00000 0.00000 0.00000 0.78078 0.78078 0.89233 1.00000 0
0.00000 0.00000 -1.00000 0.00000 0.00000 0.00000 0.78084 0.78085 0.89238 1.00000 0
0.00000 0.00000 -1.00000 0.00000 0.00000 0.00000 0.78093 0.78093 0.89244 1.00000 0
0.00000 0.00000 -1.00000 0.00000 0.00000 0.00000 0.78102 0.78103 0.89249 1.00000 0
0.00000 0.00000 -1.00000 0.00000 0.00000 0.00000 0.78113 0.78113 0.89255 1.00000 0
0.00000 0.00000 -1.00000 0.00000 0.00000 0.00000 0.78124 0.78124 0.89260 1.00000 0
0.00000 0.00000 -1.00000 0.00000 0.00000 0.00000 0.78135 0.78135 0.89266 1.00000 0
0.00000 0.00000 -1.00000 0.00000 0.00000 0.00000 0.78146 0.78146 0.89270 1.00000 0
0.00000 0.00000 -1.00000 0.00000 0.00000 0.00000 0.78157 0.78157 0.89275 1.00000 0
0.00000 0.00000 -1.00000 0.00000 0.00000 0.00000 0.78167 0.78167 0.89279 1.00000 0
0.00000 0.00000 -1.00000 0.00000 0.00000 0.00000 0.78176 0.78175 0.89282 1.00000 0
0.00000 0.00000 -1.00000 0.00000 0.00000 0.00000 0.78183 0.78183 0.89284 1.00000 0
0.00000 0.00000 -1.00000 0.00000 0.00000 0.00000 0.78190 0.78190 0.89285 1.00000 0
0.00000 0.00000 -1.00000 0.00000 0.00000 0.00000 0.78195 0.78195 0.89286 1.00000 0
0.00000 0.00000 -1.00000 0.00000 0.00000 0.00000 0.78199 0.78199 0.89285 1.00000 0
0.00000 0.00000 -1.00000 0.00000 0.00000 0.00000 0.78202 0.78202 0.89283 1.00000 0
0.00000 0.00000 -1.00000 0.00000 0.00000 0.00000 0.78204 0.78204 0.89280 1.00000 0
0.00000 0.00000 -1.00000 0.00000 0.00000 0.00000 0.78204 0.78204 0.00000 0.00000 0
