0.50000 0.00000 0.00000 -1.00000 0.00000 0.00462 0.00366 0.78478 0.78454 0.89382 1.00000 0
0.50000 0.00000 0.00000 -1.00000 0.00000 0.00496 0.76498 0.78491 0.78465 0.89382 1.00000 0
0.50000 0.00000 0.00000 -1.00000 0.00000 0.00523 0.76512 0.78502 0.78476 0.89382 1.00000 0
0.50000 0.00000 0.00000 -1.00000 0.00000 0.00541 0.76525 0.78510 0.78487 0.89382 1.00000 0
0.50000 0.00000 0.00000 -1.00000 0.00000 0.00548 0.76535 0.78514 0.78494 0.89382 1.00000 0
0.50000 0.00000 0.00000 -1.00000 0.00000 0.00543 0.76540 0.78514 0.78499 0.89383 1.00000 0
0.50000 0.00000 0.00000 -1.00000 0.00000 0.00528 0.76541 0.78510 0.78500 0.89383 1.00000 0
0.50000 0.00000 0.00000 -1.00000 0.00000 0.00503 0.76537 0.78502 0.78497 0.89383 1.00000 0
0.50000 0.00000 0.00000 -1.00000 0.00000 0.00470 0.76529 0.78490 0.78491 0.89383 1.00000 0
0.50000 0.00000 0.00000 -1.00000 0.00000 0.00429 0.76516 0.78475 0.78480 0.89383 1.00000 0
0.50000 0.00000 0.00000 -1.00000 0.00000 0.00383 0.76499 0.78458 0.78467 0.89383 1.00000 0
0.50000 0.00000 0.00000 -1.00000 0.00000 0.00332 0.76478 0.78439 0.78450 0.89383 1.00000 0
0.50000 0.00000 0.00000 -1.00000 0.00000 0.00278 0.76455 0.78418 0.78432 0.89383 1.00000 0
0.50000 0.00000 0.00000 -1.00000 0.00000 0.00223 0.76429 0.78396 0.78412 0.89383 1.00000 0
0.50000 0.00000 0.00000 -1.00000 0.00000 0.00168 0.00235 0.78374 0.78390 0.89383 1.00000 0
0.50000 0.00000 0.00000 -1.00000 0.00000 0.00115 0.00181 0.78352 0.78368 0.89383 1.00000 0
0.50000 0.00000 0.00000 -1.00000 0.00000 0.00063 0.00127 0.78331 0.78347 0.89383 1.00000 0
0.50000 0.00000 0.00000 -1.00000 0.00000 0.00015 0.00074 0.78312 0.78326 0.89383 1.00000 0
0.50000 0.00000 0.00000 -1.00000 0.00000 0.00000 0.00024 0.78293 0.78306 0.89383 1.00000 0
0.50000 0.00000 0.00000 -1.00000 0.00000 0.00000 0.00000 0.78277 0.78288 0.89383 1.00000 0
0.50000 0.00000 0.00000 -1.00000 0.00000 0.00000 0.00000 0.78263 0.78272 0.89383 1.00000 0
0.50000 0.00000 0.00000 -1.00000 0.00000 0.00000 0.00000 0.78251 0.78258 0.89383 1.00000 0
0.50000 0.00000 0.00000 -1.00000 0.00000 0.00000 0.00000 0.78241 0.78246 0.89383 1.00000 0
0.50000 0.00000 0.00000 -1.00000 0.00000 0.00000 0.00000 0.78234 0.78237 0.89383 1.00000 0
0.50000 0.00000 0.00000 -1.00000 0.00000 0.00000 0.00000 0.78230 0.78231 0.89383 1.00000 0
0.50000 0.00000 0.00000 -1.00000 0.00000 0.00000 0.00000 0.78228 0.78228 0.89383 1.00000 0
0.50000 0.00000 0.00000 -1.00000 0.00000 0.00000 0.00000 0.78228 0.78227 0.89383 1.00000 0
0.50000 0.00000 0.00000 -1.00000 0.00000 0.00000 0.00000 0.78230 0.78229 0.89383 1.00000 0
0.50000 0.00000 0.00000 -1.00000 0.00000 0.00000 0.00000 0.78234 0.78232 0.89383 1.00000 0
0.50000 0.00000 0.00000 -1.00000 0.00000 0.00000 0.00000 0.78240 0.78238 0.89383 1.00000 0
0.50000 0.00000 0.00000 -1.00000 0.00000 0.00000 0.00000 0.78248 0.78245 0.89383 1.00000 0
0.50000 0.00000 0.00000 -1.00000 0.00000 0.00000 0.00000 0.78256 0.78254 0.89383 1.00000 0
0.50000 0.00000 0.00000 -1.00000 0.00000 0.00000 0.00000 0.78266 0.78264 0.89383 1.00000 0
0.50000 0.00000 0.00000 -1.00000 0.00000 0.00000 0.00000 0.78276 0.78275 0.89383 1.00000 0
0.50000 0.00000 0.00000 -1.00000 0.00000 0.00000 0.00000 0.78286 0.78285 0.89383 1.00000 0
0.50000 0.00000 0.00000 -1.00000 0.00000 0.00000 0.00000 0.78297 0.78297 0.89383 1.00000 0
0.50000 0.00000 0.00000 -1.00000 0.00000 0.00014 0.00017 0.78307 0.78307 0.89383 1.00000 0
0.50000 0.00000 0.00000 -1.00000 0.00000 0.00038 0.00043 0.78316 0.78318 0.89383 1.00000 0
0.50000 0.00000 0.00000 -1.00000 0.00000 0.00060 0.00067 0.78326 0.78327 0.89383 1.00000 0
0.50000 0.00000 0.00000 -1.00000 0.00000 0.00080 0.00090 0.78334 0.78336 0.89383 1.00000 0
0.50000 0.00000 0.00000 -1.00000 0.00000 0.00098 0.00109 0.78341 0.78344 0.89383 1.00000 0
0.50000 0.00000 0.00000 -1.00000 0.00000 0.00113 0.00126 0.78347 0.78350 0.89383 1.00000 0
0.50000 0.00000 0.00000 -1.00000 0.00000 0.00125 0.00140 0.78352 0.78356 0.89383 1.00000 0
0.50000 0.00000 0.00000 -1.00000 0.00000 0.00135 0.00150 0.78356 0.78360 0.89383 1.00000 0
0.50000 0.00000 0.00000 -1.00000 0.00000 0.00142 0.00157 0.78359 0.78363 0.89383 1.00000 0
0.50000 0.00000 0.00000 -1.00000 0.00000 0.00145 0.00161 0.78360 0.78364 0.89383 1.00000 0
0.50000 0.00000 0.00000 -1.00000 0.00000 0.00146 0.00161 0.78361 0.78364 0.89383 1.00000 0
0.50000 0.00000 0.00000 -1.00000 0.00000 0.00145 0.00159 0.78360 0.78363 0.89383 1.00000 0
0.50000 0.00000 0.00000 -1.00000 0.00000 0.00140 0.00155 0.78358 0.78362 0.89383 1.00000 0
0.50000 0.00000 0.00000 -1.00000 0.00000 0.00134 0.00147 0.78356 0.78359 0.89383 1.00000 0
0.50000 0.00000 0.00000 -1.00000 0.00000 0.00126 0.00138 0.78352 0.78355 0.89383 1.00000 0
0.50000 0.00000 0.00000 -1.00000 0.00000 0.00101 0.00111 0.78342 0.78344 0.89380 1.00000 0
0.50000 0.00000 0.00000 -1.00000 0.00000 0.00063 0.00071 0.78326 0.78328 0.89378 1.00000 0
0.50000 0.00000 0.00000 -1.00000 0.00000 0.00014 0.00020 0.78305 0.78307 0.89377 1.00000 0
0.50000 0.00000 0.00000 -1.00000 0.00000 0.00000 0.00000 0.78282 0.78283 0.89375 1.00000 0
0.50000 0.00000 0.00000 -1.00000 0.00000 0.00000 0.00000 0.78257 0.78257 0.89374 1.00000 0
0.50000 0.00000 0.00000 -1.00000 0.00000 0.00000 0.00000 0.78231 0.78231 0.89373 1.00000 0
0.50000 0.00000 0.00000 -1.00000 0.00000 0.00000 0.00000 0.78205 0.78205 0.89373 1.00000 0
0.50000 0.00000 0.00000 -1.00000 0.00000 0.00000 0.00000 0.78180 0.78180 0.89373 1.00000 0
0.50000 0.00000 0.00000 -1.00000 0.00000 0.00000 0.00000 0.78157 0.78156 0.89374 1.00000 0
0.50000 0.00000 0.00000 -1.00000 0.00000 0.00000 0.00000 0.78136 0.78135 0.89375 1.00000 0
0.50000 0.00000 0.00000 -1.00000 0.00000 0.00000 0.00000 0.78118 0.78117 0.89379 1.00000 0
0.50000 0.00000 0.00000 -1.00000 0.00000 0.00000 0.00000 0.78103 0.78103 0.89384 1.00000 0
0.50000 0.00000 0.00000 -1.00000 0.00000 0.00000 0.00000 0.78090 0.78091 0.89390 1.00000 0
0.50000 0.00000 0.00000 -1.00000 0.00000 0.00000 0.00000 0.78082 0.78084 0.89397 1.00000 0
0.50000 0.00000 0.00000 -1.00000 0.00000 0.00000 0.00000 0.78076 0.78079 0.89405 1.00000 0
0.50000 0.00000 0.00000 -1.00000 0.00000 0.00000 0.00000 0.78074 0.78077 0.89414 1.00000 0
0.50000 0.00000 0.00000 -1.00000 0.00000 0.00000 0.00000 0.78074 0.78079 0.89423 1.00000 0
0.50000 0.00000 0.00000 -1.00000 0.00000 0.00000 0.00000 0.78077 0.78082 0.89432 1.00000 0
0.50000 0.00000 0.00000 -1.00000 0.00000 0.00000 0.00000 0.78083 0.78087 0.89440 1.00000 0
0.50000 0.00000 0.00000 -1.00000 0.00000 0.00000 0.00000 0.78090 0.78094 0.89449 1.00000 0
0.50000 0.00000 0.00000 -1.00000 0.00000 0.00000 0.00000 0.78099 0.78103 0.89457 1.00000 0
0.50000 0.00000 0.00000 -1.00000 0.00000 0.00000 0.00000 0.78109 0.78113 0.89464 1.00000 0
0.50000 0.00000 0.00000 -1.00000 0.00000 0.00000 0.00000 0.78120 0.78123 0.89471 1.00000 0
0.50000 0.00000 0.00000 -1.00000 0.00000 0.00000 0.00000 0.78131 0.78133 0.89476 1.00000 0
0.50000 0.00000 0.00000 -1.00000 0.00000 0.00000 0.00000 0.78142 0.78143 0.89480 1.00000 0
0.50000 0.00000 0.00000 -1.00000 0.00000 0.00000 0.00000 0.78152 0.78153 0.89483 1.00000 0
0.50000 0.00000 0.00000 -1.00000 0.00000 0.00000 0.00000 0.78162 0.78163 0.89484 1.00000 0
0.50000 0.00000 0.00000 -1.00000 0.00000 0.00000 0.00000 0.78171 0.78171 0.89484 1.00000 0
0.50000 0.00000 0.00000 -1.00000 0.00000 0.00000 0.00000 0.78179 0.78179 0.89482 1.00000 0
0.50000 0.00000 0.00000 -1.00000 0.00000 0.00000 0.00000 0.78186 0.78185 0.89477 1.00000 0
0.50000 0.00000 0.00000 -1.00000 0.00000 0.00000 0.00000 0.78192 0.78191 0.89471 1.00000 0
0.50000 0.00000 0.00000 -1.00000 0.00000 0.00000 0.00000 0.78197 0.78195 0.89462 1.00000 0
0.50000 0.00000 0.00000 -1.00000 0.00000 0.00000 0.00000 0.78200 0.78198 0.89451 1.00000 0
0.50000 0.00000 0.00000 -1.00000 0.00000 0.00000 0.00000 0.78202 0.78200 0.89437 1.00000 0
0.50000 0.00000 0.00000 -1.00000 0.00000 0.00000 0.00000 0.78202 0.78201 0.89420 1.00000 0
0.50000 0.00000 0.00000 -1.00000 0.00000 0.00000 0.00000 0.78202 0.78201 0.89401 1.00000 0
0.50000 0.00000 0.00000 -1.00000 0.00000 0.00000 0.00000 0.78201 0.78200 0.00000 0.00000 0
0.50000 0.00000 0.00000 -1.00000 0.00000 0.00199 0.00199 0.78379 0.78379 0.89746 1.00000 0
0.50000 0.00000 0.00000 -1.00000 0.00000 0.00504 0.00504 0.78501 0.78501 0.89746 1.00000 0
0.50000 0.00000 0.00000 -1.00000 0.00000 0.00939 0.00939 0.78674 0.78674 0.89746 1.00000 0
0.50000 0.00000 0.00000 -1.00000 0.00000 0.01475 0.01475 0.78889 0.78889 0.89745 1.00000 0
0.50000 0.00000 0.00000 -1.00000 0.00000 0.02082 0.02082 0.79134 0.79134 0.89745 1.00000 0
0.50000 0.00000 0.00000 -1.00000 0.00000 0.02729 0.02729 0.79397 0.79397 0.89745 1.00000 0
0.50000 0.00000 0.00000 -1.00000 0.00000 0.03386 0.03386 0.79667 0.79667 0.89744 1.00000 0
0.50000 0.00000 0.00000 -1.00000 0.00000 0.03996 0.03996 0.79919 0.79919 0.89745 1.00000 0
0.50000 0.00000 0.00000 -1.00000 0.00000 0.04529 0.04529 0.80141 0.80141 0.89746 1.00000 0
0.50000 0.00000 0.00000 -1.00000 0.00000 0.04952 0.04952 0.80319 0.80319 0.89747 1.00000 0
0.50000 0.00000 0.00000 -1.00000 0.00000 0.05249 0.05249 0.80445 0.80445 0.89747 1.00000 0
0.50000 0.00000 0.00000 -1.00000 0.00000 0.05410 0.05410 0.80515 0.80515 0.89748 1.00000 0
0.50000 0.00000 0.00000 -1.00000 0.00000 0.05437 0.05437 0.80528 0.80528 0.89749 1.00000 0
0.50000 0.00000 0.00000 -1.00000 0.00000 0.05331 0.05331 0.80486 0.80486 0.89749 1.00000 0
0.50000 0.00000 0.00000 -1.00000 0.00000 0.05104 0.05104 0.80393 0.80393 0.89750 1.00000 0
0.50000 0.00000 0.00000 -1.00000 0.00000 0.04765 0.04765 0.80253 0.80253 0.89750 1.00000 0
0.50000 0.00000 0.00000 -1.00000 0.00000 0.04329 0.04329 0.80072 0.80072 0.89749 1.00000 0
0.50000 0.00000 0.00000 -1.00000 0.00000 0.03811 0.03811 0.79859 0.79859 0.89749 1.00000 0
0.50000 0.00000 0.00000 -1.00000 0.00000 0.03229 0.03229 0.79619 0.79619 0.89749 1.00000 0
0.50000 0.00000 0.00000 -1.00000 0.00000 0.02599 0.02599 0.79360 0.79360 0.89748 1.00000 0
0.50000 0.00000 0.00000 -1.00000 0.00000 0.01937 0.01937 0.79090 0.79090 0.89748 1.00000 0
0.50000 0.00000 0.00000 -1.00000 0.00000 0.01261 0.01261 0.78815 0.78815 0.89747 1.00000 0
0.50000 0.00000 0.00000 -1.00000 0.00000 0.00587 0.00587 0.78543 0.78543 0.89747 1.00000 0
0.50000 0.00000 0.00000 -1.00000 0.00000 0.00000 0.00000 0.78278 0.78278 0.89746 1.00000 0
0.50000 0.00000 0.00000 -1.00000 0.00000 0.00000 0.00000 0.78018 0.78018 0.89746 1.00000 0
0.50000 0.00000 0.00000 -1.00000 0.00000 0.00000 0.00000 0.77773 0.77773 0.89745 1.00000 0
0.50000 0.00000 0.00000 -1.00000 0.00000 0.00000 0.00000 0.77551 0.77551 0.89745 1.00000 0
0.50000 0.00000 0.00000 -1.00000 0.00000 0.00000 0.00000 0.77359 0.77359 0.89745 1.00000 0
0.50000 0.00000 0.00000 -1.00000 0.00000 0.00000 0.00000 0.77200 0.77200 0.89745 1.00000 0
0.50000 0.00000 0.00000 -1.00000 0.00000 0.00000 0.00000 0.77078 0.77078 0.89745 1.00000 0
0.50000 0.00000 0.00000 -1.00000 0.00000 0.00000 0.00000 0.76995 0.76995 0.89746 1.00000 0
0.50000 0.00000 0.00000 -1.00000 0.00000 0.00000 0.00000 0.76949 0.76949 0.89746 1.00000 0
0.50000 0.00000 0.00000 -1.00000 0.00000 0.00000 0.00000 0.76941 0.76941 0.89746 1.00000 0
0.50000 0.00000 0.00000 -1.00000 0.00000 0.00000 0.00000 0.76967 0.76967 0.89746 1.00000 0
0.50000 0.00000 0.00000 -1.00000 0.00000 0.00000 0.00000 0.77026 0.77026 0.89746 1.00000 0
0.50000 0.00000 0.00000 -1.00000 0.00000 0.00000 0.00000 0.77112 0.77112 0.89746 1.00000 0
0.50000 0.00000 0.00000 -1.00000 0.00000 0.00000 0.00000 0.77223 0.77223 0.89746 1.00000 0
0.50000 0.00000 0.00000 -1.00000 0.00000 0.00000 0.00000 0.77354 0.77354 0.89746 1.00000 0
0.50000 0.00000 0.00000 -1.00000 0.00000 0.00000 0.00000 0.77499 0.77499 0.89746 1.00000 0
0.50000 0.00000 0.00000 -1.00000 0.00000 0.00000 0.00000 0.77654 0.77654 0.89746 1.00000 0
0.50000 0.00000 0.00000 -1.00000 0.00000 0.00000 0.00000 0.77814 0.77814 0.89746 1.00000 0
0.50000 0.00000 0.00000 -1.00000 0.00000 0.00000 0.00000 0.77975 0.77975 0.89746 1.00000 0
0.50000 0.00000 0.00000 -1.00000 0.00000 0.00000 0.00000 0.78133 0.78133 0.89746 1.00000 0
0.50000 0.00000 0.00000 -1.00000 0.00000 0.00000 0.00000 0.78285 0.78285 0.89746 1.00000 0
0.50000 0.00000 0.00000 -1.00000 0.00000 0.00306 0.00306 0.78426 0.78426 0.89746 1.00000 0
0.50000 0.00000 0.00000 -1.00000 0.00000 0.00623 0.00623 0.78554 0.78554 0.89746 1.00000 0
0.50000 0.00000 0.00000 -1.00000 0.00000 0.00902 0.00902 0.78667 0.78667 0.89746 1.00000 0
0.50000 0.00000 0.00000 -1.00000 0.00000 0.01139 0.01139 0.78764 0.78764 0.89746 1.00000 0
0.50000 0.00000 0.00000 -1.00000 0.00000 0.01333 0.01333 0.78842 0.78842 0.89746 1.00000 0
0.50000 0.00000 0.00000 -1.00000 0.00000 0.01481 0.01481 0.78903 0.78903 0.89746 1.00000 0
0.50000 0.00000 0.00000 -1.00000 0.00000 0.01584 0.01584 0.78944 0.78944 0.89746 1.00000 0
0.50000 0.00000 0.00000 -1.00000 0.00000 0.01618 0.01618 0.78958 0.78958 0.89743 1.00000 0
0.50000 0.00000 0.00000 -1.00000 0.00000 0.01590 0.01590 0.78945 0.78945 0.89736 1.00000 0
0.50000 0.00000 0.00000 -1.00000 0.00000 0.01508 0.01508 0.78910 0.78910 0.89723 1.00000 0
0.50000 0.00000 0.00000 -1.00000 0.00000 0.01379 0.01379 0.78856 0.78856 0.89706 1.00000 0
0.50000 0.00000 0.00000 -1.00000 0.00000 0.01211 0.01211 0.78786 0.78786 0.89684 1.00000 0
0.50000 0.00000 0.00000 -1.00000 0.00000 0.01012 0.01012 0.78704 0.78704 0.89658 1.00000 0
0.50000 0.00000 0.00000 -1.00000 0.00000 0.00792 0.00792 0.78613 0.78613 0.89627 1.00000 0
0.50000 0.00000 0.00000 -1.00000 0.00000 0.00557 0.00557 0.78517 0.78517 0.89592 1.00000 0
0.50000 0.00000 0.00000 -1.00000 0.00000 0.00315 0.00315 0.78418 0.78418 0.89554 1.00000 0
0.50000 0.00000 0.00000 -1.00000 0.00000 0.00075 0.00075 0.78321 0.78321 0.89513 1.00000 0
0.50000 0.00000 0.00000 -1.00000 0.00000 0.00000 0.00000 0.78227 0.78227 0.89470 1.00000 0
0.50000 0.00000 0.00000 -1.00000 0.00000 0.00000 0.00000 0.78139 0.78139 0.89424 1.00000 0
0.50000 0.00000 0.00000 -1.00000 0.00000 0.00000 0.00000 0.78060 0.78060 0.89396 1.00000 0
0.50000 0.00000 0.00000 -1.00000 0.00000 0.00000 0.00000 0.77990 0.77990 0.89374 1.00000 0
0.50000 0.00000 0.00000 -1.00000 0.00000 0.00000 0.00000 0.77931 0.77931 0.89357 1.00000 0
0.50000 0.00000 0.00000 -1.00000 0.00000 0.00000 0.00000 0.77884 0.77884 0.89345 1.00000 0
0.50000 0.00000 0.00000 -1.00000 0.00000 0.00000 0.00000 0.77850 0.77850 0.89336 1.00000 0
0.50000 0.00000 0.00000 -1.00000 0.00000 0.00000 0.00000 0.77827 0.77827 0.89330 1.00000 0
0.50000 0.00000 0.00000 -1.00000 0.00000 0.00000 0.00000 0.77815 0.77815 0.89328 1.00000 0
0.50000 0.00000 0.00000 -1.00000 0.00000 0.00000 0.00000 0.77815 0.77815 0.89329 1.00000 0
0.50000 0.00000 0.00000 -1.00000 0.00000 0.00000 0.00000 0.77824 0.77824 0.89332 1.00000 0
0.50000 0.00000 0.00000 -1.00000 0.00000 0.00000 0.00000 0.77843 0.77843 0.89337 1.00000 0
0.50000 0.00000 0.00000 -1.00000 0.00000 0.00000 0.00000 0.77869 0.77869 0.89344 1.00000 0
0.50000 0.00000 0.00000 -1.00000 0.00000 0.00000 0.00000 0.77901 0.77901 0.89354 1.00000 0
0.50000 0.00000 0.00000 -1.00000 0.00000 0.00000 0.00000 0.77937 0.77937 0.89365 1.00000 0
0.50000 0.00000 0.00000 -1.00000 0.00000 0.00000 0.00000 0.77977 0.77977 0.89377 1.00000 0
0.50000 0.00000 0.00000 -1.00000 0.00000 0.00000 0.00000 0.78019 0.78019 0.89391 1.00000 0
0.50000 0.00000 0.00000 -1.00000 0.00000 0.00000 0.00000 0.78061 0.78061 0.89407 1.00000 0
0.50000 0.00000 0.00000 -1.00000 0.00000 0.00000 0.00000 0.78102 0.78102 0.89423 1.00000 0
0.50000 0.00000 0.00000 -1.00000 0.00000 0.00000 0.00000 0.78142 0.78142 0.89440 1.00000 0
0.50000 0.00000 0.00000 -1.00000 0.00000 0.00000 0.00000 0.78179 0.78179 0.89458 1.00000 0
0.50000 0.00000 0.00000 -1.00000 0.00000 0.00000 0.00000 0.78212 0.78212 0.89477 1.00000 0
0.50000 0.00000 0.00000 -1.00000 0.00000 0.00000 0.00000 0.78241 0.78241 0.89496 1.00000 0
0.50000 0.00000 0.00000 -1.00000 0.00000 0.00000 0.00000 0.78266 0.78266 0.89515 1.00000 0
0.50000 0.00000 0.00000 -1.00000 0.00000 0.00000 0.00000 0.78285 0.78285 0.00000 0.00000 0
0.50000 0.00000 0.00000 -1.00000 0.00000 0.00000 0.00000 0.78276 0.78282 0.89443 1.00000 0
0.50000 0.00000 0.00000 -1.00000 0.00000 0.00000 0.00003 0.78288 0.78299 0.89443 1.00000 0
0.50000 0.00000 0.00000 -1.00000 0.00000 0.00017 0.00074 0.78312 0.78326 0.89443 1.00000 0
0.50000 0.00000 0.00000 -1.00000 0.00000 0.00091 0.00156 0.78342 0.78357 0.89443 1.00000 0
0.50000 0.00000 0.00000 -1.00000 0.00000 0.00171 0.00241 0.78374 0.78391 0.89443 1.00000 0
0.50000 0.00000 0.00000 -1.00000 0.00000 0.00251 0.00322 0.78406 0.78423 0.89443 1.00000 0
0.50000 0.00000 0.00000 -1.00000 0.00000 0.00328 0.00396 0.78436 0.78453 0.89443 1.00000 0
0.50000 0.00000 0.00000 -1.00000 0.00000 0.00396 0.00458 0.78463 0.78478 0.89443 1.00000 0
0.50000 0.00000 0.00000 -1.00000 0.00000 0.00454 0.00508 0.78486 0.78499 0.89443 1.00000 0
0.50000 0.00000 0.00000 -1.00000 0.00000 0.00500 0.00545 0.78504 0.78515 0.89443 1.00000 0
0.50000 0.00000 0.00000 -1.00000 0.00000 0.00532 0.00568 0.78516 0.78525 0.89443 1.00000 0
0.50000 0.00000 0.00000 -1.00000 0.00000 0.00552 0.00577 0.78523 0.78530 0.89443 1.00000 0
0.50000 0.00000 0.00000 -1.00000 0.00000 0.00557 0.00573 0.78525 0.78529 0.89443 1.00000 0
0.50000 0.00000 0.00000 -1.00000 0.00000 0.00551 0.00557 0.78522 0.78524 0.89443 1.00000 0
0.50000 0.00000 0.00000 -1.00000 0.00000 0.00532 0.00530 0.78514 0.78514 0.89443 1.00000 0
0.50000 0.00000 0.00000 -1.00000 0.00000 0.00502 0.00494 0.78502 0.78500 0.89443 1.00000 0
0.50000 0.00000 0.00000 -1.00000 0.00000 0.00463 0.00449 0.78486 0.78483 0.89443 1.00000 0
0.50000 0.00000 0.00000 -1.00000 0.00000 0.00416 0.00398 0.78467 0.78463 0.89443 1.00000 0
0.50000 0.00000 0.00000 -1.00000 0.00000 0.00362 0.00342 0.78446 0.78441 0.89443 1.00000 0
0.50000 0.00000 0.00000 -1.00000 0.00000 0.00304 0.00283 0.78422 0.78417 0.89443 1.00000 0
0.50000 0.00000 0.00000 -1.00000 0.00000 0.00243 0.00222 0.78398 0.78393 0.89443 1.00000 0
0.50000 0.00000 0.00000 -1.00000 0.00000 0.00181 0.00161 0.78373 0.78368 0.89443 1.00000 0
0.50000 0.00000 0.00000 -1.00000 0.00000 0.00120 0.00101 0.78348 0.78344 0.89443 1.00000 0
0.50000 0.00000 0.00000 -1.00000 0.00000 0.00061 0.00044 0.78324 0.78320 0.89443 1.00000 0
0.50000 0.00000 0.00000 -1.00000 0.00000 0.00005 0.00000 0.78302 0.78299 0.89443 1.00000 0
0.50000 0.00000 0.00000 -1.00000 0.00000 0.00000 0.00000 0.78281 0.78279 0.89443 1.00000 0
0.50000 0.00000 0.00000 -1.00000 0.00000 0.00000 0.00000 0.78263 0.78261 0.89443 1.00000 0
0.50000 0.00000 0.00000 -1.00000 0.00000 0.00000 0.00000 0.78247 0.78246 0.89443 1.00000 0
0.50000 0.00000 0.00000 -1.00000 0.00000 0.00000 0.00000 0.78235 0.78234 0.89443 1.00000 0
0.50000 0.00000 0.00000 -1.00000 0.00000 0.00000 0.00000 0.78225 0.78225 0.89443 1.00000 0
0.50000 0.00000 0.00000 -1.00000 0.00000 0.00000 0.00000 0.78218 0.78219 0.89443 1.00000 0
0.50000 0.00000 0.00000 -1.00000 0.00000 0.00000 0.00000 0.78214 0.78215 0.89443 1.00000 0
0.50000 0.00000 0.00000 -1.00000 0.00000 0.00000 0.00000 0.78213 0.78215 0.89443 1.00000 0
0.50000 0.00000 0.00000 -1.00000 0.00000 0.00000 0.00000 0.78215 0.78217 0.89443 1.00000 0
0.50000 0.00000 0.00000 -1.00000 0.00000 0.00000 0.00000 0.78219 0.78221 0.89443 1.00000 0
0.50000 0.00000 0.00000 -1.00000 0.00000 0.00000 0.00000 0.78225 0.78227 0.89443 1.00000 0
0.50000 0.00000 0.00000 -1.00000 0.00000 0.00000 0.00000 0.78234 0.78236 0.89443 1.00000 0
0.50000 0.00000 0.00000 -1.00000 0.00000 0.00000 0.00000 0.78244 0.78245 0.89443 1.00000 0
0.50000 0.00000 0.00000 -1.00000 0.00000 0.00000 0.00000 0.78255 0.78256 0.89443 1.00000 0
0.50000 0.00000 0.00000 -1.00000 0.00000 0.00000 0.00000 0.78267 0.78268 0.89443 1.00000 0
0.50000 0.00000 0.00000 -1.00000 0.00000 0.00000 0.00000 0.78279 0.78280 0.89443 1.00000 0
0.50000 0.00000 0.00000 -1.00000 0.00000 0.00000 0.00000 0.78291 0.78292 0.89443 1.00000 0
0.50000 0.00000 0.00000 -1.00000 0.00000 0.00006 0.00009 0.78304 0.78304 0.89443 1.00000 0
0.50000 0.00000 0.00000 -1.00000 0.00000 0.00035 0.00037 0.78315 0.78316 0.89443 1.00000 0
0.50000 0.00000 0.00000 -1.00000 0.00000 0.00063 0.00063 0.78326 0.78326 0.89443 1.00000 0
0.50000 0.00000 0.00000 -1.00000 0.00000 0.00088 0.00088 0.78336 0.78336 0.89443 1.00000 0
0.50000 0.00000 0.00000 -1.00000 0.00000 0.00110 0.00109 0.78345 0.78345 0.89443 1.00000 0
0.50000 0.00000 0.00000 -1.00000 0.00000 0.00128 0.00127 0.78353 0.78352 0.89443 1.00000 0
0.50000 0.00000 0.00000 -1.00000 0.00000 0.00144 0.00143 0.78359 0.78358 0.89443 1.00000 0
0.50000 0.00000 0.00000 -1.00000 0.00000 0.00156 0.00154 0.78363 0.78363 0.89443 1.00000 0
0.50000 0.00000 0.00000 -1.00000 0.00000 0.00164 0.00162 0.78367 0.78366 0.89443 1.00000 0
0.50000 0.00000 0.00000 -1.00000 0.00000 0.00151 0.00149 0.78361 0.78361 0.89431 1.00000 0
0.50000 0.00000 0.00000 -1.00000 0.00000 0.00122 0.00120 0.78349 0.78348 0.89419 1.00000 0
0.50000 0.00000 0.00000 -1.00000 0.00000 0.00081 0.00079 0.78331 0.78331 0.89407 1.00000 0
0.50000 0.00000 0.00000 -1.00000 0.00000 0.00030 0.00028 0.78310 0.78310 0.89395 1.00000 0
0.50000 0.00000 0.00000 -1.00000 0.00000 0.00000 0.00000 0.78286 0.78285 0.89383 1.00000 0
0.50000 0.00000 0.00000 -1.00000 0.00000 0.00000 0.00000 0.78260 0.78260 0.89370 1.00000 0
0.50000 0.00000 0.00000 -1.00000 0.00000 0.00000 0.00000 0.78234 0.78233 0.89358 1.00000 0
0.50000 0.00000 0.00000 -1.00000 0.00000 0.00000 0.00000 0.78207 0.78207 0.89345 1.00000 0
0.50000 0.00000 0.00000 -1.00000 0.00000 0.00000 0.00000 0.78182 0.78182 0.89332 1.00000 0
0.50000 0.00000 0.00000 -1.00000 0.00000 0.00000 0.00000 0.78158 0.78158 0.89320 1.00000 0
0.50000 0.00000 0.00000 -1.00000 0.00000 0.00000 0.00000 0.78137 0.78137 0.89308 1.00000 0
0.50000 0.00000 0.00000 -1.00000 0.00000 0.00000 0.00000 0.78118 0.78118 0.89296 1.00000 0
0.50000 0.00000 0.00000 -1.00000 0.00000 0.00000 0.00000 0.78103 0.78103 0.89285 1.00000 0
0.50000 0.00000 0.00000 -1.00000 0.00000 0.00000 0.00000 0.78090 0.78090 0.89274 1.00000 0
0.50000 0.00000 0.00000 -1.00000 0.00000 0.00000 0.00000 0.78081 0.78081 0.89263 1.00000 0
0.50000 0.00000 0.00000 -1.00000 0.00000 0.00000 0.00000 0.78075 0.78075 0.89252 1.00000 0
0.50000 0.00000 0.00000 -1.00000 0.00000 0.00000 0.00000 0.78073 0.78073 0.89242 1.00000 0
0.50000 0.00000 0.00000 -1.00000 0.00000 0.00000 0.00000 0.78073 0.78073 0.89232 1.00000 0
0.50000 0.00000 0.00000 -1.00000 0.00000 0.00000 0.00000 0.78076 0.78076 0.89233 1.00000 0
0.50000 0.00000 0.00000 -1.00000 0.00000 0.00000 0.00000 0.78081 0.78081 0.89236 1.00000 0
0.50000 0.00000 0.00000 -1.00000 0.00000 0.00000 0.00000 0.78088 0.78088 0.89239 1.00000 0
0.50000 0.00000 0.00000 -1.00000 0.00000 0.00000 0.00000 0.78096 0.78096 0.89242 1.00000 0
0.50000 0.00000 0.00000 -1.00000 0.00000 0.00000 0.00000 0.78106 0.78106 0.89245 1.00000 0
0.50000 0.00000 0.00000 -1.00000 0.00000 0.00000 0.00000 0.78116 0.78116 0.89249 1.00000 0
0.50000 0.00000 0.00000 -1.00000 0.00000 0.00000 0.00000 0.78127 0.78127 0.89252 1.00000 0
0.50000 0.00000 0.00000 -1.00000 0.00000 0.00000 0.00000 0.78138 0.78138 0.89256 1.00000 0
0.50000 0.00000 0.00000 -1.00000 0.00000 0.00000 0.00000 0.78149 0.78149 0.89258 1.00000 0
0.50000 0.00000 0.00000 -1.00000 0.00000 0.00000 0.00000 0.78159 0.78159 0.89261 1.00000 0
0.50000 0.00000 0.00000 -1.00000 0.00000 0.00000 0.00000 0.78169 0.78169 0.89263 1.00000 0
0.50000 0.00000 0.00000 -1.00000 0.00000 0.00000 0.00000 0.78177 0.78177 0.89265 1.00000 0
0.50000 0.00000 0.00000 -1.00000 0.00000 0.00000 0.00000 0.78185 0.78184 0.89266 1.00000 0
0.50000 0.00000 0.00000 -1.00000 0.00000 0.00000 0.00000 0.78191 0.78191 0.89266 1.00000 0
0.50000 0.00000 0.00000 -1.00000 0.00000 0.00000 0.00000 0.78196 0.78196 0.89265 1.00000 0
0.50000 0.00000 0.00000 -1.00000 0.00000 0.00000 0.00000 0.78199 0.78199 0.89264 1.00000 0
0.50000 0.00000 0.00000 -1.00000 0.00000 0.00000 0.00000 0.78202 0.78202 0.89261 1.00000 0
0.50000 0.00000 0.00000 -1.00000 0.00000 0.00000 0.00000 0.78203 0.78203 0.56985 0.00000 0
0.50000 0.00000 0.00000 -1.00000 0.00000 0.00000 0.00000 0.78284 0.78283 0.89389 1.00000 0
0.50000 0.00000 0.00000 -1.00000 0.00000 0.00034 0.00028 0.78314 0.78312 0.89389 1.00000 0
0.50000 0.00000 0.00000 -1.00000 0.00000 0.00129 0.00119 0.78351 0.78349 0.89389 1.00000 0
0.50000 0.00000 0.00000 -1.00000 0.00000 0.00231 0.00216 0.78391 0.78387 0.89389 1.00000 0
0.50000 0.00000 0.00000 -1.00000 0.00000 0.76454 0.00312 0.78431 0.78426 0.89389 1.00000 0
0.50000 0.00000 0.00000 -1.00000 0.00000 0.76501 0.00401 0.78468 0.78462 0.89389 1.00000 0
0.50000 0.00000 0.00000 -1.00000 0.00000 0.76541 0.00479 0.78500 0.78493 0.89389 1.00000 0
0.50000 0.00000 0.00000 -1.00000 0.00000 0.76576 0.00545 0.78528 0.78520 0.89389 1.00000 0
0.50000 0.00000 0.00000 -1.00000 0.00000 0.76602 0.00596 0.78549 0.78541 0.89389 1.00000 0
0.50000 0.00000 0.00000 -1.00000 0.00000 0.76620 0.00632 0.78563 0.78556 0.89389 1.00000 0
0.50000 0.00000 0.00000 -1.00000 0.00000 0.76630 0.00652 0.78572 0.78564 0.89389 1.00000 0
0.50000 0.00000 0.00000 -1.00000 0.00000 0.76632 0.00657 0.78573 0.78566 0.89389 1.00000 0
0.50000 0.00000 0.00000 -1.00000 0.00000 0.76626 0.00647 0.78569 0.78563 0.89389 1.00000 0
0.50000 0.00000 0.00000 -1.00000 0.00000 0.76613 0.00624 0.78558 0.78553 0.89389 1.00000 0
0.50000 0.00000 0.00000 -1.00000 0.00000 0.76594 0.00588 0.78543 0.78539 0.89389 1.00000 0
0.50000 0.00000 0.00000 -1.00000 0.00000 0.76569 0.00541 0.78523 0.78520 0.89389 1.00000 0
0.50000 0.00000 0.00000 -1.00000 0.00000 0.76540 0.00486 0.78499 0.78498 0.89389 1.00000 0
0.50000 0.00000 0.00000 -1.00000 0.00000 0.76507 0.00423 0.78473 0.78472 0.89389 1.00000 0
0.50000 0.00000 0.00000 -1.00000 0.00000 0.00354 0.00355 0.78445 0.78445 0.89389 1.00000 0
0.50000 0.00000 0.00000 -1.00000 0.00000 0.00280 0.00284 0.78415 0.78416 0.89389 1.00000 0
0.50000 0.00000 0.00000 -1.00000 0.00000 0.00204 0.00211 0.78385 0.78386 0.89389 1.00000 0
0.50000 0.00000 0.00000 -1.00000 0.00000 0.00130 0.00140 0.78355 0.78357 0.89389 1.00000 0
0.50000 0.00000 0.00000 -1.00000 0.00000 0.00059 0.00070 0.78326 0.78329 0.89389 1.00000 0
0.50000 0.00000 0.00000 -1.00000 0.00000 0.00000 0.00004 0.78299 0.78302 0.89389 1.00000 0
0.50000 0.00000 0.00000 -1.00000 0.00000 0.00000 0.00000 0.78275 0.78277 0.89389 1.00000 0
0.50000 0.00000 0.00000 -1.00000 0.00000 0.00000 0.00000 0.78253 0.78255 0.89389 1.00000 0
0.50000 0.00000 0.00000 -1.00000 0.00000 0.00000 0.00000 0.78234 0.78236 0.89389 1.00000 0
0.50000 0.00000 0.00000 -1.00000 0.00000 0.00000 0.00000 0.78218 0.78221 0.89389 1.00000 0
0.50000 0.00000 0.00000 -1.00000 0.00000 0.00000 0.00000 0.78206 0.78209 0.89389 1.00000 0
0.50000 0.00000 0.00000 -1.00000 0.00000 0.00000 0.00000 0.78198 0.78200 0.89389 1.00000 0
0.50000 0.00000 0.00000 -1.00000 0.00000 0.00000 0.00000 0.78193 0.78195 0.89389 1.00000 0
0.50000 0.00000 0.00000 -1.00000 0.00000 0.00000 0.00000 0.78192 0.78193 0.89389 1.00000 0
0.50000 0.00000 0.00000 -1.00000 0.00000 0.00000 0.00000 0.78194 0.78195 0.89389 1.00000 0
0.50000 0.00000 0.00000 -1.00000 0.00000 0.00000 0.00000 0.78199 0.78199 0.89389 1.00000 0
0.50000 0.00000 0.00000 -1.00000 0.00000 0.00000 0.00000 0.78206 0.78207 0.89389 1.00000 0
0.50000 0.00000 0.00000 -1.00000 0.00000 0.00000 0.00000 0.78216 0.78216 0.89389 1.00000 0
0.50000 0.00000 0.00000 -1.00000 0.00000 0.00000 0.00000 0.78228 0.78228 0.89389 1.00000 0
0.50000 0.00000 0.00000 -1.00000 0.00000 0.00000 0.00000 0.78241 0.78241 0.89389 1.00000 0
0.50000 0.00000 0.00000 -1.00000 0.00000 0.00000 0.00000 0.78255 0.78255 0.89389 1.00000 0
0.50000 0.00000 0.00000 -1.00000 0.00000 0.00000 0.00000 0.78270 0.78269 0.89389 1.00000 0
0.50000 0.00000 0.00000 -1.00000 0.00000 0.00000 0.00000 0.78285 0.78284 0.89389 1.00000 0
0.50000 0.00000 0.00000 -1.00000 0.00000 0.00000 0.00000 0.78299 0.78299 0.89389 1.00000 0
0.50000 0.00000 0.00000 -1.00000 0.00000 0.00030 0.00030 0.78313 0.78313 0.89389 1.00000 0
0.50000 0.00000 0.00000 -1.00000 0.00000 0.00063 0.00063 0.78326 0.78326 0.89389 1.00000 0
0.50000 0.00000 0.00000 -1.00000 0.00000 0.00093 0.00093 0.78338 0.78338 0.89389 1.00000 0
0.50000 0.00000 0.00000 -1.00000 0.00000 0.00119 0.00120 0.78349 0.78349 0.89389 1.00000 0
0.50000 0.00000 0.00000 -1.00000 0.00000 0.00142 0.00143 0.78358 0.78359 0.89389 1.00000 0
0.50000 0.00000 0.00000 -1.00000 0.00000 0.00160 0.00162 0.78366 0.78366 0.89389 1.00000 0
0.50000 0.00000 0.00000 -1.00000 0.00000 0.00175 0.00177 0.78372 0.78372 0.89389 1.00000 0
0.50000 0.00000 0.00000 -1.00000 0.00000 0.00185 0.00188 0.78376 0.78376 0.89389 1.00000 0
0.50000 0.00000 0.00000 -1.00000 0.00000 0.00191 0.00194 0.78378 0.78379 0.89389 1.00000 0
0.50000 0.00000 0.00000 -1.00000 0.00000 0.00176 0.00178 0.78371 0.78372 0.89377 1.00000 0
0.50000 0.00000 0.00000 -1.00000 0.00000 0.00144 0.00145 0.78358 0.78358 0.89365 1.00000 0
0.50000 0.00000 0.00000 -1.00000 0.00000 0.00099 0.00100 0.78339 0.78339 0.89352 1.00000 0
0.50000 0.00000 0.00000 -1.00000 0.00000 0.00045 0.00045 0.78316 0.78316 0.89340 1.00000 0
0.50000 0.00000 0.00000 -1.00000 0.00000 0.00000 0.00000 0.78290 0.78290 0.89328 1.00000 0
0.50000 0.00000 0.00000 -1.00000 0.00000 0.00000 0.00000 0.78263 0.78263 0.89315 1.00000 0
0.50000 0.00000 0.00000 -1.00000 0.00000 0.00000 0.00000 0.78235 0.78235 0.89302 1.00000 0
0.50000 0.00000 0.00000 -1.00000 0.00000 0.00000 0.00000 0.78207 0.78207 0.89290 1.00000 0
0.50000 0.00000 0.00000 -1.00000 0.00000 0.00000 0.00000 0.78180 0.78180 0.89277 1.00000 0
0.50000 0.00000 0.00000 -1.00000 0.00000 0.00000 0.00000 0.78156 0.78155 0.89265 1.00000 0
0.50000 0.00000 0.00000 -1.00000 0.00000 0.00000 0.00000 0.78133 0.78133 0.89253 1.00000 0
0.50000 0.00000 0.00000 -1.00000 0.00000 0.00000 0.00000 0.78114 0.78114 0.89242 1.00000 0
0.50000 0.00000 0.00000 -1.00000 0.00000 0.00000 0.00000 0.78098 0.78097 0.89231 1.00000 0
0.50000 0.00000 0.00000 -1.00000 0.00000 0.00000 0.00000 0.78085 0.78085 0.89220 1.00000 0
0.50000 0.00000 0.00000 -1.00000 0.00000 0.00000 0.00000 0.78075 0.78075 0.89210 1.00000 0
0.50000 0.00000 0.00000 -1.00000 0.00000 0.00000 0.00000 0.78070 0.78069 0.89200 1.00000 0
0.50000 0.00000 0.00000 -1.00000 0.00000 0.00000 0.00000 0.78067 0.78067 0.89191 1.00000 0
0.50000 0.00000 0.00000 -1.00000 0.00000 0.00000 0.00000 0.78067 0.78067 0.89182 1.00000 0
0.50000 0.00000 0.00000 -1.00000 0.00000 0.00000 0.00000 0.78071 0.78070 0.89173 1.00000 0
0.50000 0.00000 0.00000 -1.00000 0.00000 0.00000 0.00000 0.78076 0.78076 0.89165 1.00000 0
0.50000 0.00000 0.00000 -1.00000 0.00000 0.00000 0.00000 0.78084 0.78084 0.89168 1.00000 0
0.50000 0.00000 0.00000 -1.00000 0.00000 0.00000 0.00000 0.78093 0.78093 0.89173 1.00000 0
0.50000 0.00000 0.00000 -1.00000 0.00000 0.00000 0.00000 0.78103 0.78103 0.89179 1.00000 0
0.50000 0.00000 0.00000 -1.00000 0.00000 0.00000 0.00000 0.78114 0.78115 0.89185 1.00000 0
0.50000 0.00000 0.00000 -1.00000 0.00000 0.00000 0.00000 0.78126 0.78126 0.89191 1.00000 0
0.50000 0.00000 0.00000 -1.00000 0.00000 0.00000 0.00000 0.78138 0.78138 0.89197 1.00000 0
0.50000 0.00000 0.00000 -1.00000 0.00000 0.00000 0.00000 0.78149 0.78149 0.89203 1.00000 0
0.50000 0.00000 0.00000 -1.00000 0.00000 0.00000 0.00000 0.78160 0.78160 0.89209 1.00000 0
0.50000 0.00000 0.00000 -1.00000 0.00000 0.00000 0.00000 0.78170 0.78170 0.89214 1.00000 0
0.50000 0.00000 0.00000 -1.00000 0.00000 0.00000 0.00000 0.78179 0.78179 0.89219 1.00000 0
0.50000 0.00000 0.00000 -1.00000 0.00000 0.00000 0.00000 0.78186 0.78186 0.89224 1.00000 0
0.50000 0.00000 0.00000 -1.00000 0.00000 0.00000 0.00000 0.78193 0.78193 0.89228 1.00000 0
0.50000 0.00000 0.00000 -1.00000 0.00000 0.00000 0.00000 0.78198 0.78198 0.89231 1.00000 0
0.50000 0.00000 0.00000 -1.00000 0.00000 0.00000 0.00000 0.78202 0.78202 0.89234 1.00000 0
0.50000 0.00000 0.00000 -1.00000 0.00000 0.00000 0.00000 0.78204 0.78204 0.89236 1.00000 0
0.50000 0.00000 0.00000 -1.00000 0.00000 0.00000 0.00000 0.78206 0.78206 0.57082 0.00000 0
0.50000 0.00000 0.00000 -1.00000 0.00000 0.00000 0.00000 0.78284 0.78283 0.89389 1.00000 0
0.50000 0.00000 0.00000 -1.00000 0.00000 0.00034 0.00028 0.78314 0.78312 0.89389 1.00000 0
0.50000 0.00000 0.00000 -1.00000 0.00000 0.00129 0.00119 0.78351 0.78349 0.89389 1.00000 0
0.50000 0.00000 0.00000 -1.00000 0.00000 0.00231 0.00216 0.78391 0.78387 0.89389 1.00000 0
0.50000 0.00000 0.00000 -1.00000 0.00000 0.76454 0.00312 0.78431 0.78426 0.89389 1.00000 0
0.50000 0.00000 0.00000 -1.00000 0.00000 0.76501 0.00401 0.78468 0.78462 0.89389 1.00000 0
0.50000 0.00000 0.00000 -1.00000 0.00000 0.76541 0.00479 0.78500 0.78493 0.89389 1.00000 0
0.50000 0.00000 0.00000 -1.00000 0.00000 0.76576 0.00545 0.78528 0.78520 0.89389 1.00000 0
0.50000 0.00000 0.00000 -1.00000 0.00000 0.76602 0.00596 0.78549 0.78541 0.89389 1.00000 0
0.50000 0.00000 0.00000 -1.00000 0.00000 0.76620 0.00632 0.78563 0.78556 0.89389 1.00000 0
0.50000 0.00000 0.00000 -1.00000 0.00000 0.76630 0.00652 0.78572 0.78564 0.89389 1.00000 0
0.50000 0.00000 0.00000 -1.00000 0.00000 0.76632 0.00657 0.78573 0.78566 0.89389 1.00000 0
0.50000 0.00000 0.00000 -1.00000 0.00000 0.76626 0.00647 0.78569 0.78563 0.89389 1.00000 0
0.50000 0.00000 0.00000 -1.00000 0.00000 0.76613 0.00624 0.78558 0.78553 0.89389 1.00000 0
0.50000 0.00000 0.00000 -1.00000 0.00000 0.76594 0.00588 0.78543 0.78539 0.89389 1.00000 0
0.50000 0.00000 0.00000 -1.00000 0.00000 0.76569 0.00541 0.78523 0.78520 0.89389 1.00000 0
0.50000 0.00000 0.00000 -1.00000 0.00000 0.76540 0.00486 0.78499 0.78498 0.89389 1.00000 0
0.50000 0.00000 0.00000 -1.00000 0.00000 0.76507 0.00423 0.78473 0.78472 0.89389 1.00000 0
0.50000 0.00000 0.00000 -1.00000 0.00000 0.00354 0.00355 0.78445 0.78445 0.89389 1.00000 0
0.50000 0.00000 0.00000 -1.00000 0.00000 0.00280 0.00284 0.78415 0.78416 0.89389 1.00000 0
0.50000 0.00000 0.00000 -1.00000 0.00000 0.00204 0.00211 0.78385 0.78386 0.89389 1.00000 0
0.50000 0.00000 0.00000 -1.00000 0.00000 0.00130 0.00140 0.78355 0.78357 0.89389 1.00000 0
0.50000 0.00000 0.00000 -1.00000 0.00000 0.00059 0.00070 0.78326 0.78329 0.89389 1.00000 0
0.50000 0.00000 0.00000 -1.00000 0.00000 0.00000 0.00004 0.78299 0.78302 0.89389 1.00000 0
0.50000 0.00000 0.00000 -1.00000 0.00000 0.00000 0.00000 0.78275 0.78277 0.89389 1.00000 0
0.50000 0.00000 0.00000 -1.00000 0.00000 0.00000 0.00000 0.78253 0.78255 0.89389 1.00000 0
0.50000 0.00000 0.00000 -1.00000 0.00000 0.00000 0.00000 0.78234 0.78236 0.89389 1.00000 0
0.50000 0.00000 0.00000 -1.00000 0.00000 0.00000 0.00000 0.78218 0.78221 0.89389 1.00000 0
0.50000 0.00000 0.00000 -1.00000 0.00000 0.00000 0.00000 0.78206 0.78209 0.89389 1.00000 0
0.50000 0.00000 0.00000 -1.00000 0.00000 0.00000 0.00000 0.78198 0.78200 0.89389 1.00000 0
0.50000 0.00000 0.00000 -1.00000 0.00000 0.00000 0.00000 0.78193 0.78195 0.89389 1.00000 0
0.50000 0.00000 0.00000 -1.00000 0.00000 0.00000 0.00000 0.78192 0.78193 0.89389 1.00000 0
0.50000 0.00000 0.00000 -1.00000 0.00000 0.00000 0.00000 0.78194 0.78195 0.89389 1.00000 0
0.50000 0.00000 0.00000 -1.00000 0.00000 0.00000 0.00000 0.78199 0.78199 0.89389 1.00000 0
0.50000 0.00000 0.00000 -1.00000 0.00000 0.00000 0.00000 0.78206 0.78207 0.89389 1.00000 0
0.50000 0.00000 0.00000 -1.00000 0.00000 0.00000 0.00000 0.78216 0.78216 0.89389 1.00000 0
0.50000 0.00000 0.00000 -1.00000 0.00000 0.00000 0.00000 0.78228 0.78228 0.89389 1.00000 0
0.50000 0.00000 0.00000 -1.00000 0.00000 0.00000 0.00000 0.78241 0.78241 0.89389 1.00000 0
0.50000 0.00000 0.00000 -1.00000 0.00000 0.00000 0.00000 0.78255 0.78255 0.89389 1.00000 0
0.50000 0.00000 0.00000 -1.00000 0.00000 0.00000 0.00000 0.78270 0.78269 0.89389 1.00000 0
0.50000 0.00000 0.00000 -1.00000 0.00000 0.00000 0.00000 0.78285 0.78284 0.89389 1.00000 0
0.50000 0.00000 0.00000 -1.00000 0.00000 0.00000 0.00000 0.78299 0.78299 0.89389 1.00000 0
0.50000 0.00000 0.00000 -1.00000 0.00000 0.00030 0.00030 0.78313 0.78313 0.89389 1.00000 0
0.50000 0.00000 0.00000 -1.00000 0.00000 0.00063 0.00063 0.78326 0.78326 0.89389 1.00000 0
0.50000 0.00000 0.00000 -1.00000 0.00000 0.00093 0.00093 0.78338 0.78338 0.89389 1.00000 0
0.50000 0.00000 0.00000 -1.00000 0.00000 0.00119 0.00120 0.78349 0.78349 0.89389 1.00000 0
0.50000 0.00000 0.00000 -1.00000 0.00000 0.00142 0.00143 0.78358 0.78359 0.89389 1.00000 0
0.50000 0.00000 0.00000 -1.00000 0.00000 0.00160 0.00162 0.78366 0.78366 0.89389 1.00000 0
0.50000 0.00000 0.00000 -1.00000 0.00000 0.00175 0.00177 0.78372 0.78372 0.89389 1.00000 0
0.50000 0.00000 0.00000 -1.00000 0.00000 0.00185 0.00188 0.78376 0.78376 0.89389 1.00000 0
0.50000 0.00000 0.00000 -1.00000 0.00000 0.00191 0.00194 0.78378 0.78379 0.89389 1.00000 0
0.50000 0.00000 0.00000 -1.00000 0.00000 0.00176 0.00178 0.78371 0.78372 0.89377 1.00000 0
0.50000 0.00000 0.00000 -1.00000 0.00000 0.00144 0.00145 0.78358 0.78358 0.89365 1.00000 0
0.50000 0.00000 0.00000 -1.00000 0.00000 0.00099 0.00100 0.78339 0.78339 0.89352 1.00000 0
0.50000 0.00000 0.00000 -1.00000 0.00000 0.00045 0.00045 0.78316 0.78316 0.89340 1.00000 0
0.50000 0.00000 0.00000 -1.00000 0.00000 0.00000 0.00000 0.78290 0.78290 0.89328 1.00000 0
0.50000 0.00000 0.00000 -1.00000 0.00000 0.00000 0.00000 0.78263 0.78263 0.89315 1.00000 0
0.50000 0.00000 0.00000 -1.00000 0.00000 0.00000 0.00000 0.78235 0.78235 0.89302 1.00000 0
0.50000 0.00000 0.00000 -1.00000 0.00000 0.00000 0.00000 0.78207 0.78207 0.89290 1.00000 0
0.50000 0.00000 0.00000 -1.00000 0.00000 0.00000 0.00000 0.78180 0.78180 0.89277 1.00000 0
0.50000 0.00000 0.00000 -1.00000 0.00000 0.00000 0.00000 0.78156 0.78155 0.89265 1.00000 0
0.50000 0.00000 0.00000 -1.00000 0.00000 0.00000 0.00000 0.78133 0.78133 0.89253 1.00000 0
0.50000 0.00000 0.00000 -1.00000 0.00000 0.00000 0.00000 0.78114 0.78114 0.89242 1.00000 0
0.50000 0.00000 0.00000 -1.00000 0.00000 0.00000 0.00000 0.78098 0.78097 0.89231 1.00000 0
0.50000 0.00000 0.00000 -1.00000 0.00000 0.00000 0.00000 0.78085 0.78085 0.89220 1.00000 0
0.50000 0.00000 0.00000 -1.00000 0.00000 0.00000 0.00000 0.78075 0.78075 0.89210 1.00000 0
0.50000 0.00000 0.00000 -1.00000 0.00000 0.00000 0.00000 0.78070 0.78069 0.89200 1.00000 0
0.50000 0.00000 0.00000 -1.00000 0.00000 0.00000 0.00000 0.78067 0.78067 0.89191 1.00000 0
0.50000 0.00000 0.00000 -1.00000 0.00000 0.00000 0.00000 0.78067 0.78067 0.89182 1.00000 0
0.50000 0.00000 0.00000 -1.00000 0.00000 0.00000 0.00000 0.78071 0.78070 0.89173 1.00000 0
0.50000 0.00000 0.00000 -1.00000 0.00000 0.00000 0.00000 0.78076 0.78076 0.89165 1.00000 0
0.50000 0.00000 0.00000 -1.00000 0.00000 0.00000 0.00000 0.78084 0.78084 0.89168 1.00000 0
0.50000 0.00000 0.00000 -1.00000 0.00000 0.00000 0.00000 0.78093 0.78093 0.89173 1.00000 0
0.50000 0.00000 0.00000 -1.00000 0.00000 0.00000 0.00000 0.78103 0.78103 0.89179 1.00000 0
0.50000 0.00000 0.00000 -1.00000 0.00000 0.00000 0.00000 0.78114 0.78115 0.89185 1.00000 0
0.50000 0.00000 0.00000 -1.00000 0.00000 0.00000 0.00000 0.78126 0.78126 0.89191 1.00000 0
0.50000 0.00000 0.00000 -1.00000 0.00000 0.00000 0.00000 0.78138 0.78138 0.89197 1.00000 0
0.50000 0.00000 0.00000 -1.00000 0.00000 0.00000 0.00000 0.78149 0.78149 0.89203 1.00000 0
0.50000 0.00000 0.00000 -1.00000 0.00000 0.00000 0.00000 0.78160 0.78160 0.89209 1.00000 0
0.50000 0.00000 0.00000 -1.00000 0.00000 0.00000 0.00000 0.78170 0.78170 0.89214 1.00000 0
0.50000 0.00000 0.00000 -1.00000 0.00000 0.00000 0.00000 0.78179 0.78179 0.89219 1.00000 0
0.50000 0.00000 0.00000 -1.00000 0.00000 0.00000 0.00000 0.78186 0.78186 0.89224 1.00000 0
0.50000 0.00000 0.00000 -1.00000 0.00000 0.00000 0.00000 0.78193 0.78193 0.89228 1.00000 0
0.50000 0.00000 0.00000 -1.00000 0.00000 0.00000 0.00000 0.78198 0.78198 0.89231 1.00000 0
0.50000 0.00000 0.00000 -1.00000 0.00000 0.00000 0.00000 0.78202 0.78202 0.89234 1.00000 0
0.50000 0.00000 0.00000 -1.00000 0.00000 0.00000 0.00000 0.78204 0.78204 0.89236 1.00000 0
0.50000 0.00000 0.00000 -1.00000 0.00000 0.00000 0.00000 0.78206 0.78206 0.57082 0.00000 0
0.50000 0.00000 0.00000 -1.00000 0.00000 0.00445 0.76472 0.78469 0.78443 0.89295 1.00000 0
0.50000 0.00000 0.00000 -1.00000 0.00000 0.00489 0.76491 0.78487 0.78459 0.89295 1.00000 0
0.50000 0.00000 0.00000 -1.00000 0.00000 0.00526 0.76511 0.78502 0.78475 0.89295 1.00000 0
0.50000 0.00000 0.00000 -1.00000 0.00000 0.00553 0.76529 0.78514 0.78489 0.89295 1.00000 0
0.50000 0.00000 0.00000 -1.00000 0.00000 0.00568 0.76543 0.78522 0.78501 0.89295 1.00000 0
0.50000 0.00000 0.00000 -1.00000 0.00000 0.00572 0.76553 0.78525 0.78509 0.89295 1.00000 0
0.50000 0.00000 0.00000 -1.00000 0.00000 0.00564 0.76558 0.78524 0.78514 0.89295 1.00000 0
0.50000 0.00000 0.00000 -1.00000 0.00000 0.00545 0.76557 0.78518 0.78513 0.89295 1.00000 0
0.50000 0.00000 0.00000 -1.00000 0.00000 0.00516 0.76551 0.78508 0.78508 0.89295 1.00000 0
0.50000 0.00000 0.00000 -1.00000 0.00000 0.00478 0.76540 0.78495 0.78499 0.89295 1.00000 0
0.50000 0.00000 0.00000 -1.00000 0.00000 0.00434 0.76523 0.78478 0.78487 0.89295 1.00000 0
0.50000 0.00000 0.00000 -1.00000 0.00000 0.00384 0.76503 0.78459 0.78470 0.89295 1.00000 0
0.50000 0.00000 0.00000 -1.00000 0.00000 0.00330 0.76479 0.78438 0.78452 0.89295 1.00000 0
0.50000 0.00000 0.00000 -1.00000 0.00000 0.00273 0.76453 0.78416 0.78430 0.89295 1.00000 0
0.50000 0.00000 0.00000 -1.00000 0.00000 0.00216 0.76425 0.78393 0.78408 0.89295 1.00000 0
0.50000 0.00000 0.00000 -1.00000 0.00000 0.00158 0.76395 0.78370 0.78384 0.89295 1.00000 0
0.50000 0.00000 0.00000 -1.00000 0.00000 0.00103 0.76366 0.78347 0.78361 0.89295 1.00000 0
0.50000 0.00000 0.00000 -1.00000 0.00000 0.00050 0.00102 0.78325 0.78338 0.89295 1.00000 0
0.50000 0.00000 0.00000 -1.00000 0.00000 0.00000 0.00046 0.78305 0.78315 0.89295 1.00000 0
0.50000 0.00000 0.00000 -1.00000 0.00000 0.00000 0.00000 0.78286 0.78295 0.89295 1.00000 0
0.50000 0.00000 0.00000 -1.00000 0.00000 0.00000 0.00000 0.78269 0.78276 0.89295 1.00000 0
0.50000 0.00000 0.00000 -1.00000 0.00000 0.00000 0.00000 0.78255 0.78260 0.89295 1.00000 0
0.50000 0.00000 0.00000 -1.00000 0.00000 0.00000 0.00000 0.78243 0.78246 0.89295 1.00000 0
0.50000 0.00000 0.00000 -1.00000 0.00000 0.00000 0.00000 0.78234 0.78235 0.89295 1.00000 0
0.50000 0.00000 0.00000 -1.00000 0.00000 0.00000 0.00000 0.78227 0.78227 0.89295 1.00000 0
0.50000 0.00000 0.00000 -1.00000 0.00000 0.00000 0.00000 0.78223 0.78222 0.89295 1.00000 0
0.50000 0.00000 0.00000 -1.00000 0.00000 0.00000 0.00000 0.78222 0.78219 0.89295 1.00000 0
0.50000 0.00000 0.00000 -1.00000 0.00000 0.00000 0.00000 0.78223 0.78220 0.89295 1.00000 0
0.50000 0.00000 0.00000 -1.00000 0.00000 0.00000 0.00000 0.78226 0.78222 0.89295 1.00000 0
0.50000 0.00000 0.00000 -1.00000 0.00000 0.00000 0.00000 0.78232 0.78228 0.89295 1.00000 0
0.50000 0.00000 0.00000 -1.00000 0.00000 0.00000 0.00000 0.78239 0.78235 0.89295 1.00000 0
0.50000 0.00000 0.00000 -1.00000 0.00000 0.00000 0.00000 0.78247 0.78243 0.89295 1.00000 0
0.50000 0.00000 0.00000 -1.00000 0.00000 0.00000 0.00000 0.78257 0.78253 0.89295 1.00000 0
0.50000 0.00000 0.00000 -1.00000 0.00000 0.00000 0.00000 0.78267 0.78264 0.89295 1.00000 0
0.50000 0.00000 0.00000 -1.00000 0.00000 0.00000 0.00000 0.78278 0.78276 0.89295 1.00000 0
0.50000 0.00000 0.00000 -1.00000 0.00000 0.00000 0.00000 0.78289 0.78288 0.89295 1.00000 0
0.50000 0.00000 0.00000 -1.00000 0.00000 0.00000 0.00000 0.78300 0.78299 0.89295 1.00000 0
0.50000 0.00000 0.00000 -1.00000 0.00000 0.00026 0.00024 0.78311 0.78311 0.89295 1.00000 0
0.50000 0.00000 0.00000 -1.00000 0.00000 0.00050 0.76318 0.78321 0.78322 0.89295 1.00000 0
0.50000 0.00000 0.00000 -1.00000 0.00000 0.00073 0.76330 0.78331 0.78331 0.89295 1.00000 0
0.50000 0.00000 0.00000 -1.00000 0.00000 0.00094 0.76341 0.78339 0.78340 0.89295 1.00000 0
0.50000 0.00000 0.00000 -1.00000 0.00000 0.00112 0.76351 0.78347 0.78348 0.89295 1.00000 0
0.50000 0.00000 0.00000 -1.00000 0.00000 0.00128 0.76359 0.78353 0.78355 0.89295 1.00000 0
0.50000 0.00000 0.00000 -1.00000 0.00000 0.00140 0.76365 0.78358 0.78360 0.89295 1.00000 0
0.50000 0.00000 0.00000 -1.00000 0.00000 0.00149 0.76370 0.78361 0.78363 0.89295 1.00000 0
0.50000 0.00000 0.00000 -1.00000 0.00000 0.00155 0.76373 0.78364 0.78366 0.89295 1.00000 0
0.50000 0.00000 0.00000 -1.00000 0.00000 0.00158 0.76374 0.78365 0.78367 0.89295 1.00000 0
0.50000 0.00000 0.00000 -1.00000 0.00000 0.00158 0.76374 0.78365 0.78366 0.89295 1.00000 0
0.50000 0.00000 0.00000 -1.00000 0.00000 0.00155 0.76372 0.78363 0.78365 0.89295 1.00000 0
0.50000 0.00000 0.00000 -1.00000 0.00000 0.00149 0.76369 0.78361 0.78363 0.89295 1.00000 0
0.50000 0.00000 0.00000 -1.00000 0.00000 0.00142 0.76365 0.78358 0.78359 0.89295 1.00000 0
0.50000 0.00000 0.00000 -1.00000 0.00000 0.00115 0.76350 0.78347 0.78348 0.89285 1.00000 0
0.50000 0.00000 0.00000 -1.00000 0.00000 0.00075 0.00077 0.78330 0.78331 0.89275 1.00000 0
0.50000 0.00000 0.00000 -1.00000 0.00000 0.00025 0.00026 0.78309 0.78309 0.89266 1.00000 0
0.50000 0.00000 0.00000 -1.00000 0.00000 0.00000 0.00000 0.78285 0.78285 0.89257 1.00000 0
0.50000 0.00000 0.00000 -1.00000 0.00000 0.00000 0.00000 0.78259 0.78259 0.89248 1.00000 0
0.50000 0.00000 0.00000 -1.00000 0.00000 0.00000 0.00000 0.78232 0.78232 0.89240 1.00000 0
0.50000 0.00000 0.00000 -1.00000 0.00000 0.00000 0.00000 0.78206 0.78205 0.89232 1.00000 0
0.50000 0.00000 0.00000 -1.00000 0.00000 0.00000 0.00000 0.78180 0.78179 0.89225 1.00000 0
0.50000 0.00000 0.00000 -1.00000 0.00000 0.00000 0.00000 0.78156 0.78156 0.89219 1.00000 0
0.50000 0.00000 0.00000 -1.00000 0.00000 0.00000 0.00000 0.78135 0.78134 0.89215 1.00000 0
0.50000 0.00000 0.00000 -1.00000 0.00000 0.00000 0.00000 0.78116 0.78116 0.89212 1.00000 0
0.50000 0.00000 0.00000 -1.00000 0.00000 0.00000 0.00000 0.78100 0.78101 0.89210 1.00000 0
0.50000 0.00000 0.00000 -1.00000 0.00000 0.00000 0.00000 0.78088 0.78090 0.89225 1.00000 0
0.50000 0.00000 0.00000 -1.00000 0.00000 0.00000 0.00000 0.78079 0.78081 0.89241 1.00000 0
0.50000 0.00000 0.00000 -1.00000 0.00000 0.00000 0.00000 0.78073 0.78076 0.89257 1.00000 0
0.50000 0.00000 0.00000 -1.00000 0.00000 0.00000 0.00000 0.78071 0.78073 0.89273 1.00000 0
0.50000 0.00000 0.00000 -1.00000 0.00000 0.00000 0.00000 0.78072 0.78073 0.89289 1.00000 0
0.50000 0.00000 0.00000 -1.00000 0.00000 0.00000 0.00000 0.78075 0.78076 0.89305 1.00000 0
0.50000 0.00000 0.00000 -1.00000 0.00000 0.00000 0.00000 0.78080 0.78082 0.89321 1.00000 0
0.50000 0.00000 0.00000 -1.00000 0.00000 0.00000 0.00000 0.78088 0.78089 0.89336 1.00000 0
0.50000 0.00000 0.00000 -1.00000 0.00000 0.00000 0.00000 0.78097 0.78098 0.89350 1.00000 0
0.50000 0.00000 0.00000 -1.00000 0.00000 0.00000 0.00000 0.78107 0.78107 0.89364 1.00000 0
0.50000 0.00000 0.00000 -1.00000 0.00000 0.00000 0.00000 0.78118 0.78118 0.89376 1.00000 0
0.50000 0.00000 0.00000 -1.00000 0.00000 0.00000 0.00000 0.78129 0.78129 0.89388 1.00000 0
0.50000 0.00000 0.00000 -1.00000 0.00000 0.00000 0.00000 0.78140 0.78140 0.89398 1.00000 0
0.50000 0.00000 0.00000 -1.00000 0.00000 0.00000 0.00000 0.78151 0.78150 0.89407 1.00000 0
0.50000 0.00000 0.00000 -1.00000 0.00000 0.00000 0.00000 0.78161 0.78161 0.89414 1.00000 0
0.50000 0.00000 0.00000 -1.00000 0.00000 0.00000 0.00000 0.78170 0.78170 0.89419 1.00000 0
0.50000 0.00000 0.00000 -1.00000 0.00000 0.00000 0.00000 0.78179 0.78178 0.89423 1.00000 0
0.50000 0.00000 0.00000 -1.00000 0.00000 0.00000 0.00000 0.78186 0.78186 0.89424 1.00000 0
0.50000 0.00000 0.00000 -1.00000 0.00000 0.00000 0.00000 0.78192 0.78192 0.89422 1.00000 0
0.50000 0.00000 0.00000 -1.00000 0.00000 0.00000 0.00000 0.78197 0.78196 0.89418 1.00000 0
0.50000 0.00000 0.00000 -1.00000 0.00000 0.00000 0.00000 0.78200 0.78200 0.89412 1.00000 0
0.50000 0.00000 0.00000 -1.00000 0.00000 0.00000 0.00000 0.78203 0.78202 0.89402 1.00000 0
0.50000 0.00000 0.00000 -1.00000 0.00000 0.00000 0.00000 0.78203 0.78203 0.89390 1.00000 0
0.50000 0.00000 0.00000 -1.00000 0.00000 0.00000 0.00000 0.78203 0.78203 0.89375 1.00000 0
0.50000 0.00000 0.00000 -1.00000 0.00000 0.00000 0.00000 0.78202 0.78202 0.00000 0.00000 0
0.50000 0.00000 0.00000 -1.00000 0.00000 0.00199 0.00199 0.78379 0.78379 0.89746 1.00000 0
0.50000 0.00000 0.00000 -1.00000 0.00000 0.00504 0.00504 0.78501 0.78501 0.89746 1.00000 0
0.50000 0.00000 0.00000 -1.00000 0.00000 0.00939 0.00939 0.78674 0.78674 0.89746 1.00000 0
0.50000 0.00000 0.00000 -1.00000 0.00000 0.01475 0.01475 0.78889 0.78889 0.89745 1.00000 0
0.50000 0.00000 0.00000 -1.00000 0.00000 0.02082 0.02082 0.79134 0.79134 0.89745 1.00000 0
0.50000 0.00000 0.00000 -1.00000 0.00000 0.02729 0.02729 0.79397 0.79397 0.89745 1.00000 0
0.50000 0.00000 0.00000 -1.00000 0.00000 0.03386 0.03386 0.79667 0.79667 0.89744 1.00000 0
0.50000 0.00000 0.00000 -1.00000 0.00000 0.03996 0.03996 0.79919 0.79919 0.89745 1.00000 0
0.50000 0.00000 0.00000 -1.00000 0.00000 0.04529 0.04529 0.80141 0.80141 0.89746 1.00000 0
0.50000 0.00000 0.00000 -1.00000 0.00000 0.04952 0.04952 0.80319 0.80319 0.89747 1.00000 0
0.50000 0.00000 0.00000 -1.00000 0.00000 0.05249 0.05249 0.80445 0.80445 0.89747 1.00000 0
0.50000 0.00000 0.00000 -1.00000 0.00000 0.05410 0.05410 0.80515 0.80515 0.89748 1.00000 0
0.50000 0.00000 0.00000 -1.00000 0.00000 0.05437 0.05437 0.80528 0.80528 0.89749 1.00000 0
0.50000 0.00000 0.00000 -1.00000 0.00000 0.05331 0.05331 0.80486 0.80486 0.89749 1.00000 0
0.50000 0.00000 0.00000 -1.00000 0.00000 0.05104 0.05104 0.80393 0.80393 0.89750 1.00000 0
0.50000 0.00000 0.00000 -1.00000 0.00000 0.04765 0.04765 0.80253 0.80253 0.89750 1.00000 0
0.50000 0.00000 0.00000 -1.00000 0.00000 0.04329 0.04329 0.80072 0.80072 0.89749 1.00000 0
0.50000 0.00000 0.00000 -1.00000 0.00000 0.03811 0.03811 0.79859 0.79859 0.89749 1.00000 0
0.50000 0.00000 0.00000 -1.00000 0.00000 0.03229 0.03229 0.79619 0.79619 0.89749 1.00000 0
0.50000 0.00000 0.00000 -1.00000 0.00000 0.02599 0.02599 0.79360 0.79360 0.89748 1.00000 0
0.50000 0.00000 0.00000 -1.00000 0.00000 0.01937 0.01937 0.79090 0.79090 0.89748 1.00000 0
0.50000 0.00000 0.00000 -1.00000 0.00000 0.01261 0.01261 0.78815 0.78815 0.89747 1.00000 0
0.50000 0.00000 0.00000 -1.00000 0.00000 0.00587 0.00587 0.78543 0.78543 0.89747 1.00000 0
0.50000 0.00000 0.00000 -1.00000 0.00000 0.00000 0.00000 0.78278 0.78278 0.89746 1.00000 0
0.50000 0.00000 0.00000 -1.00000 0.00000 0.00000 0.00000 0.78018 0.78018 0.89746 1.00000 0
0.50000 0.00000 0.00000 -1.00000 0.00000 0.00000 0.00000 0.77773 0.77773 0.89745 1.00000 0
0.50000 0.00000 0.00000 -1.00000 0.00000 0.00000 0.00000 0.77551 0.77551 0.89745 1.00000 0
0.50000 0.00000 0.00000 -1.00000 0.00000 0.00000 0.00000 0.77359 0.77359 0.89745 1.00000 0
0.50000 0.00000 0.00000 -1.00000 0.00000 0.00000 0.00000 0.77200 0.77200 0.89745 1.00000 0
0.50000 0.00000 0.00000 -1.00000 0.00000 0.00000 0.00000 0.77078 0.77078 0.89745 1.00000 0
0.50000 0.00000 0.00000 -1.00000 0.00000 0.00000 0.00000 0.76995 0.76995 0.89746 1.00000 0
0.50000 0.00000 0.00000 -1.00000 0.00000 0.00000 0.00000 0.76949 0.76949 0.89746 1.00000 0
0.50000 0.00000 0.00000 -1.00000 0.00000 0.00000 0.00000 0.76941 0.76941 0.89746 1.00000 0
0.50000 0.00000 0.00000 -1.00000 0.00000 0.00000 0.00000 0.76967 0.76967 0.89746 1.00000 0
0.50000 0.00000 0.00000 -1.00000 0.00000 0.00000 0.00000 0.77026 0.77026 0.89746 1.00000 0
0.50000 0.00000 0.00000 -1.00000 0.00000 0.00000 0.00000 0.77112 0.77112 0.89746 1.00000 0
0.50000 0.00000 0.00000 -1.00000 0.00000 0.00000 0.00000 0.77223 0.77223 0.89746 1.00000 0
0.50000 0.00000 0.00000 -1.00000 0.00000 0.00000 0.00000 0.77354 0.77354 0.89746 1.00000 0
0.50000 0.00000 0.00000 -1.00000 0.00000 0.00000 0.00000 0.77499 0.77499 0.89746 1.00000 0
0.50000 0.00000 0.00000 -1.00000 0.00000 0.00000 0.00000 0.77654 0.77654 0.89746 1.00000 0
0.50000 0.00000 0.00000 -1.00000 0.00000 0.00000 0.00000 0.77814 0.77814 0.89746 1.00000 0
0.50000 0.00000 0.00000 -1.00000 0.00000 0.00000 0.00000 0.77975 0.77975 0.89746 1.00000 0
0.50000 0.00000 0.00000 -1.00000 0.00000 0.00000 0.00000 0.78133 0.78133 0.89746 1.00000 0
0.50000 0.00000 0.00000 -1.00000 0.00000 0.00000 0.00000 0.78285 0.78285 0.89746 1.00000 0
0.50000 0.00000 0.00000 -1.00000 0.00000 0.00306 0.00306 0.78426 0.78426 0.89746 1.00000 0
0.50000 0.00000 0.00000 -1.00000 0.00000 0.00623 0.00623 0.78554 0.78554 0.89746 1.00000 0
0.50000 0.00000 0.00000 -1.00000 0.00000 0.00902 0.00902 0.78667 0.78667 0.89746 1.00000 0
0.50000 0.00000 0.00000 -1.00000 0.00000 0.01139 0.01139 0.78764 0.78764 0.89746 1.00000 0
0.50000 0.00000 0.00000 -1.00000 0.00000 0.01333 0.01333 0.78842 0.78842 0.89746 1.00000 0
0.50000 0.00000 0.00000 -1.00000 0.00000 0.01481 0.01481 0.78903 0.78903 0.89746 1.00000 0
0.50000 0.00000 0.00000 -1.00000 0.00000 0.01584 0.01584 0.78944 0.78944 0.89746 1.00000 0
0.50000 0.00000 0.00000 -1.00000 0.00000 0.01618 0.01618 0.78958 0.78958 0.89743 1.00000 0
0.50000 0.00000 0.00000 -1.00000 0.00000 0.01590 0.01590 0.78945 0.78945 0.89736 1.00000 0
0.50000 0.00000 0.00000 -1.00000 0.00000 0.01508 0.01508 0.78910 0.78910 0.89723 1.00000 0
0.50000 0.00000 0.00000 -1.00000 0.00000 0.01379 0.01379 0.78856 0.78856 0.89706 1.00000 0
0.50000 0.00000 0.00000 -1.00000 0.00000 0.01211 0.01211 0.78786 0.78786 0.89684 1.00000 0
0.50000 0.00000 0.00000 -1.00000 0.00000 0.01012 0.01012 0.78704 0.78704 0.89658 1.00000 0
0.50000 0.00000 0.00000 -1.00000 0.00000 0.00792 0.00792 0.78613 0.78613 0.89627 1.00000 0
0.50000 0.00000 0.00000 -1.00000 0.00000 0.00557 0.00557 0.78517 0.78517 0.89592 1.00000 0
0.50000 0.00000 0.00000 -1.00000 0.00000 0.00315 0.00315 0.78418 0.78418 0.89554 1.00000 0
0.50000 0.00000 0.00000 -1.00000 0.00000 0.00075 0.00075 0.78321 0.78321 0.89513 1.00000 0
0.50000 0.00000 0.00000 -1.00000 0.00000 0.00000 0.00000 0.78227 0.78227 0.89470 1.00000 0
0.50000 0.00000 0.00000 -1.00000 0.00000 0.00000 0.00000 0.78139 0.78139 0.89424 1.00000 0
0.50000 0.00000 0.00000 -1.00000 0.00000 0.00000 0.00000 0.78060 0.78060 0.89396 1.00000 0
0.50000 0.00000 0.00000 -1.00000 0.00000 0.00000 0.00000 0.77990 0.77990 0.89374 1.00000 0
0.50000 0.00000 0.00000 -1.00000 0.00000 0.00000 0.00000 0.77931 0.77931 0.89357 1.00000 0
0.50000 0.00000 0.00000 -1.00000 0.00000 0.00000 0.00000 0.77884 0.77884 0.89345 1.00000 0
0.50000 0.00000 0.00000 -1.00000 0.00000 0.00000 0.00000 0.77850 0.77850 0.89336 1.00000 0
0.50000 0.00000 0.00000 -1.00000 0.00000 0.00000 0.00000 0.77827 0.77827 0.89330 1.00000 0
0.50000 0.00000 0.00000 -1.00000 0.00000 0.00000 0.00000 0.77815 0.77815 0.89328 1.00000 0
0.50000 0.00000 0.00000 -1.00000 0.00000 0.00000 0.00000 0.77815 0.77815 0.89329 1.00000 0
0.50000 0.00000 0.00000 -1.00000 0.00000 0.00000 0.00000 0.77824 0.77824 0.89332 1.00000 0
0.50000 0.00000 0.00000 -1.00000 0.00000 0.00000 0.00000 0.77843 0.77843 0.89337 1.00000 0
0.50000 0.00000 0.00000 -1.00000 0.00000 0.00000 0.00000 0.77869 0.77869 0.89344 1.00000 0
0.50000 0.00000 0.00000 -1.00000 0.00000 0.00000 0.00000 0.77901 0.77901 0.89354 1.00000 0
0.50000 0.00000 0.00000 -1.00000 0.00000 0.00000 0.00000 0.77937 0.77937 0.89365 1.00000 0
0.50000 0.00000 0.00000 -1.00000 0.00000 0.00000 0.00000 0.77977 0.77977 0.89377 1.00000 0
0.50000 0.00000 0.00000 -1.00000 0.00000 0.00000 0.00000 0.78019 0.78019 0.89391 1.00000 0
0.50000 0.00000 0.00000 -1.00000 0.00000 0.00000 0.00000 0.78061 0.78061 0.89407 1.00000 0
0.50000 0.00000 0.00000 -1.00000 0.00000 0.00000 0.00000 0.78102 0.78102 0.89423 1.00000 0
0.50000 0.00000 0.00000 -1.00000 0.00000 0.00000 0.00000 0.78142 0.78142 0.89440 1.00000 0
0.50000 0.00000 0.00000 -1.00000 0.00000 0.00000 0.00000 0.78179 0.78179 0.89458 1.00000 0
0.50000 0.00000 0.00000 -1.00000 0.00000 0.00000 0.00000 0.78212 0.78212 0.89477 1.00000 0
0.50000 0.00000 0.00000 -1.00000 0.00000 0.00000 0.00000 0.78241 0.78241 0.89496 1.00000 0
0.50000 0.00000 0.00000 -1.00000 0.00000 0.00000 0.00000 0.78266 0.78266 0.89515 1.00000 0
0.50000 0.00000 0.00000 -1.00000 0.00000 0.00000 0.00000 0.78285 0.78285 0.00000 0.00000 0
0.50000 0.00000 0.00000 -1.00000 0.00000 0.00199 0.00199 0.78379 0.78379 0.89746 1.00000 0
0.50000 0.00000 0.00000 -1.00000 0.00000 0.00504 0.00504 0.78501 0.78501 0.89746 1.00000 0
0.50000 0.00000 0.00000 -1.00000 0.00000 0.00939 0.00939 0.78674 0.78674 0.89746 1.00000 0
0.50000 0.00000 0.00000 -1.00000 0.00000 0.01475 0.01475 0.78889 0.78889 0.89745 1.00000 0
0.50000 0.00000 0.00000 -1.00000 0.00000 0.02082 0.02082 0.79134 0.79134 0.89745 1.00000 0
0.50000 0.00000 0.00000 -1.00000 0.00000 0.02729 0.02729 0.79397 0.79397 0.89745 1.00000 0
0.50000 0.00000 0.00000 -1.00000 0.00000 0.03386 0.03386 0.79667 0.79667 0.89744 1.00000 0
0.50000 0.00000 0.00000 -1.00000 0.00000 0.03996 0.03996 0.79919 0.79919 0.89745 1.00000 0
0.50000 0.00000 0.00000 -1.00000 0.00000 0.04529 0.04529 0.80141 0.80141 0.89746 1.00000 0
0.50000 0.00000 0.00000 -1.00000 0.00000 0.04952 0.04952 0.80319 0.80319 0.89747 1.00000 0
0.50000 0.00000 0.00000 -1.00000 0.00000 0.05249 0.05249 0.80445 0.80445 0.89747 1.00000 0
0.50000 0.00000 0.00000 -1.00000 0.00000 0.05410 0.05410 0.80515 0.80515 0.89748 1.00000 0
0.50000 0.00000 0.00000 -1.00000 0.00000 0.05437 0.05437 0.80528 0.80528 0.89749 1.00000 0
0.50000 0.00000 0.00000 -1.00000 0.00000 0.05331 0.05331 0.80486 0.80486 0.89749 1.00000 0
0.50000 0.00000 0.00000 -1.00000 0.00000 0.05104 0.05104 0.80393 0.80393 0.89750 1.00000 0
0.50000 0.00000 0.00000 -1.00000 0.00000 0.04765 0.04765 0.80253 0.80253 0.89750 1.00000 0
0.50000 0.00000 0.00000 -1.00000 0.00000 0.04329 0.04329 0.80072 0.80072 0.89749 1.00000 0
0.50000 0.00000 0.00000 -1.00000 0.00000 0.03811 0.03811 0.79859 0.79859 0.89749 1.00000 0
0.50000 0.00000 0.00000 -1.00000 0.00000 0.03229 0.03229 0.79619 0.79619 0.89749 1.00000 0
0.50000 0.00000 0.00000 -1.00000 0.00000 0.02599 0.02599 0.79360 0.79360 0.89748 1.00000 0
0.50000 0.00000 0.00000 -1.00000 0.00000 0.01937 0.01937 0.79090 0.79090 0.89748 1.00000 0
0.50000 0.00000 0.00000 -1.00000 0.00000 0.01261 0.01261 0.78815 0.78815 0.89747 1.00000 0
0.50000 0.00000 0.00000 -1.00000 0.00000 0.00587 0.00587 0.78543 0.78543 0.89747 1.00000 0
0.50000 0.00000 0.00000 -1.00000 0.00000 0.00000 0.00000 0.78278 0.78278 0.89746 1.00000 0
0.50000 0.00000 0.00000 -1.00000 0.00000 0.00000 0.00000 0.78018 0.78018 0.89746 1.00000 0
0.50000 0.00000 0.00000 -1.00000 0.00000 0.00000 0.00000 0.77773 0.77773 0.89745 1.00000 0
0.50000 0.00000 0.00000 -1.00000 0.00000 0.00000 0.00000 0.77551 0.77551 0.89745 1.00000 0
0.50000 0.00000 0.00000 -1.00000 0.00000 0.00000 0.00000 0.77359 0.77359 0.89745 1.00000 0
0.50000 0.00000 0.00000 -1.00000 0.00000 0.00000 0.00000 0.77200 0.77200 0.89745 1.00000 0
0.50000 0.00000 0.00000 -1.00000 0.00000 0.00000 0.00000 0.77078 0.77078 0.89745 1.00000 0
0.50000 0.00000 0.00000 -1.00000 0.00000 0.00000 0.00000 0.76995 0.76995 0.89746 1.00000 0
0.50000 0.00000 0.00000 -1.00000 0.00000 0.00000 0.00000 0.76949 0.76949 0.89746 1.00000 0
0.50000 0.00000 0.00000 -1.00000 0.00000 0.00000 0.00000 0.76941 0.76941 0.89746 1.00000 0
0.50000 0.00000 0.00000 -1.00000 0.00000 0.00000 0.00000 0.76967 0.76967 0.89746 1.00000 0
0.50000 0.00000 0.00000 -1.00000 0.00000 0.00000 0.00000 0.77026 0.77026 0.89746 1.00000 0
0.50000 0.00000 0.00000 -1.00000 0.00000 0.00000 0.00000 0.77112 0.77112 0.89746 1.00000 0
0.50000 0.00000 0.00000 -1.00000 0.00000 0.00000 0.00000 0.77223 0.77223 0.89746 1.00000 0
0.50000 0.00000 0.00000 -1.00000 0.00000 0.00000 0.00000 0.77354 0.77354 0.89746 1.00000 0
0.50000 0.00000 0.00000 -1.00000 0.00000 0.00000 0.00000 0.77499 0.77499 0.89746 1.00000 0
0.50000 0.00000 0.00000 -1.00000 0.00000 0.00000 0.00000 0.77654 0.77654 0.89746 1.00000 0
0.50000 0.00000 0.00000 -1.00000 0.00000 0.00000 0.00000 0.77814 0.77814 0.89746 1.00000 0
0.50000 0.00000 0.00000 -1.00000 0.00000 0.00000 0.00000 0.77975 0.77975 0.89746 1.00000 0
0.50000 0.00000 0.00000 -1.00000 0.00000 0.00000 0.00000 0.78133 0.78133 0.89746 1.00000 0
0.50000 0.00000 0.00000 -1.00000 0.00000 0.00000 0.00000 0.78285 0.78285 0.89746 1.00000 0
0.50000 0.00000 0.00000 -1.00000 0.00000 0.00306 0.00306 0.78426 0.78426 0.89746 1.00000 0
0.50000 0.00000 0.00000 -1.00000 0.00000 0.00623 0.00623 0.78554 0.78554 0.89746 1.00000 0
0.50000 0.00000 0.00000 -1.00000 0.00000 0.00902 0.00902 0.78667 0.78667 0.89746 1.00000 0
0.50000 0.00000 0.00000 -1.00000 0.00000 0.01139 0.01139 0.78764 0.78764 0.89746 1.00000 0
0.50000 0.00000 0.00000 -1.00000 0.00000 0.01333 0.01333 0.78842 0.78842 0.89746 1.00000 0
0.50000 0.00000 0.00000 -1.00000 0.00000 0.01481 0.01481 0.78903 0.78903 0.89746 1.00000 0
0.50000 0.00000 0.00000 -1.00000 0.00000 0.01584 0.01584 0.78944 0.78944 0.89746 1.00000 0
0.50000 0.00000 0.00000 -1.00000 0.00000 0.01618 0.01618 0.78958 0.78958 0.89743 1.00000 0
0.50000 0.00000 0.00000 -1.00000 0.00000 0.01590 0.01590 0.78945 0.78945 0.89736 1.00000 0
0.50000 0.00000 0.00000 -1.00000 0.00000 0.01508 0.01508 0.78910 0.78910 0.89723 1.00000 0
0.50000 0.00000 0.00000 -1.00000 0.00000 0.01379 0.01379 0.78856 0.78856 0.89706 1.00000 0
0.50000 0.00000 0.00000 -1.00000 0.00000 0.01211 0.01211 0.78786 0.78786 0.89684 1.00000 0
0.50000 0.00000 0.00000 -1.00000 0.00000 0.01012 0.01012 0.78704 0.78704 0.89658 1.00000 0
0.50000 0.00000 0.00000 -1.00000 0.00000 0.00792 0.00792 0.78613 0.78613 0.89627 1.00000 0
0.50000 0.00000 0.00000 -1.00000 0.00000 0.00557 0.00557 0.78517 0.78517 0.89592 1.00000 0
0.50000 0.00000 0.00000 -1.00000 0.00000 0.00315 0.00315 0.78418 0.78418 0.89554 1.00000 0
0.50000 0.00000 0.00000 -1.00000 0.00000 0.00075 0.00075 0.78321 0.78321 0.89513 1.00000 0
0.50000 0.00000 0.00000 -1.00000 0.00000 0.00000 0.00000 0.78227 0.78227 0.89470 1.00000 0
0.50000 0.00000 0.00000 -1.00000 0.00000 0.00000 0.00000 0.78139 0.78139 0.89424 1.00000 0
0.50000 0.00000 0.00000 -1.00000 0.00000 0.00000 0.00000 0.78060 0.78060 0.89396 1.00000 0
0.50000 0.00000 0.00000 -1.00000 0.00000 0.00000 0.00000 0.77990 0.77990 0.89374 1.00000 0
0.50000 0.00000 0.00000 -1.00000 0.00000 0.00000 0.00000 0.77931 0.77931 0.89357 1.00000 0
0.50000 0.00000 0.00000 -1.00000 0.00000 0.00000 0.00000 0.77884 0.77884 0.89345 1.00000 0
0.50000 0.00000 0.00000 -1.00000 0.00000 0.00000 0.00000 0.77850 0.77850 0.89336 1.00000 0
0.50000 0.00000 0.00000 -1.00000 0.00000 0.00000 0.00000 0.77827 0.77827 0.89330 1.00000 0
0.50000 0.00000 0.00000 -1.00000 0.00000 0.00000 0.00000 0.77815 0.77815 0.89328 1.00000 0
0.50000 0.00000 0.00000 -1.00000 0.00000 0.00000 0.00000 0.77815 0.77815 0.89329 1.00000 0
0.50000 0.00000 0.00000 -1.00000 0.00000 0.00000 0.00000 0.77824 0.77824 0.89332 1.00000 0
0.50000 0.00000 0.00000 -1.00000 0.00000 0.00000 0.00000 0.77843 0.77843 0.89337 1.00000 0
0.50000 0.00000 0.00000 -1.00000 0.00000 0.00000 0.00000 0.77869 0.77869 0.89344 1.00000 0
0.50000 0.00000 0.00000 -1.00000 0.00000 0.00000 0.00000 0.77901 0.77901 0.89354 1.00000 0
0.50000 0.00000 0.00000 -1.00000 0.00000 0.00000 0.00000 0.77937 0.77937 0.89365 1.00000 0
0.50000 0.00000 0.00000 -1.00000 0.00000 0.00000 0.00000 0.77977 0.77977 0.89377 1.00000 0
0.50000 0.00000 0.00000 -1.00000 0.00000 0.00000 0.00000 0.78019 0.78019 0.89391 1.00000 0
0.50000 0.00000 0.00000 -1.00000 0.00000 0.00000 0.00000 0.78061 0.78061 0.89407 1.00000 0
0.50000 0.00000 0.00000 -1.00000 0.00000 0.00000 0.00000 0.78102 0.78102 0.89423 1.00000 0
0.50000 0.00000 0.00000 -1.00000 0.00000 0.00000 0.00000 0.78142 0.78142 0.89440 1.00000 0
0.50000 0.00000 0.00000 -1.00000 0.00000 0.00000 0.00000 0.78179 0.78179 0.89458 1.00000 0
0.50000 0.00000 0.00000 -1.00000 0.00000 0.00000 0.00000 0.78212 0.78212 0.89477 1.00000 0
0.50000 0.00000 0.00000 -1.00000 0.00000 0.00000 0.00000 0.78241 0.78241 0.89496 1.00000 0
0.50000 0.00000 0.00000 -1.00000 0.00000 0.00000 0.00000 0.78266 0.78266 0.89515 1.00000 0
0.50000 0.00000 0.00000 -1.00000 0.00000 0.00000 0.00000 0.78285 0.78285 0.00000 0.00000 0
0.50000 0.00000 0.00000 -1.00000 0.00000 0.00199 0.00199 0.78379 0.78379 0.89746 1.00000 0
0.50000 0.00000 0.00000 -1.00000 0.00000 0.00504 0.00504 0.78501 0.78501 0.89746 1.00000 0
0.50000 0.00000 0.00000 -1.00000 0.00000 0.00939 0.00939 0.78674 0.78674 0.89746 1.00000 0
0.50000 0.00000 0.00000 -1.00000 0.00000 0.01475 0.01475 0.78889 0.78889 0.89745 1.00000 0
0.50000 0.00000 0.00000 -1.00000 0.00000 0.02082 0.02082 0.79134 0.79134 0.89745 1.00000 0
0.50000 0.00000 0.00000 -1.00000 0.00000 0.02729 0.02729 0.79397 0.79397 0.89745 1.00000 0
0.50000 0.00000 0.00000 -1.00000 0.00000 0.03386 0.03386 0.79667 0.79667 0.89744 1.00000 0
0.50000 0.00000 0.00000 -1.00000 0.00000 0.03996 0.03996 0.79919 0.79919 0.89745 1.00000 0
0.50000 0.00000 0.00000 -1.00000 0.00000 0.04529 0.04529 0.80141 0.80141 0.89746 1.00000 0
0.50000 0.00000 0.00000 -1.00000 0.00000 0.04952 0.04952 0.80319 0.80319 0.89747 1.00000 0
0.50000 0.00000 0.00000 -1.00000 0.00000 0.05249 0.05249 0.80445 0.80445 0.89747 1.00000 0
0.50000 0.00000 0.00000 -1.00000 0.00000 0.05410 0.05410 0.80515 0.80515 0.89748 1.00000 0
0.50000 0.00000 0.00000 -1.00000 0.00000 0.05437 0.05437 0.80528 0.80528 0.89749 1.00000 0
0.50000 0.00000 0.00000 -1.00000 0.00000 0.05331 0.05331 0.80486 0.80486 0.89749 1.00000 0
0.50000 0.00000 0.00000 -1.00000 0.00000 0.05104 0.05104 0.80393 0.80393 0.89750 1.00000 0
0.50000 0.00000 0.00000 -1.00000 0.00000 0.04765 0.04765 0.80253 0.80253 0.89750 1.00000 0
0.50000 0.00000 0.00000 -1.00000 0.00000 0.04329 0.04329 0.80072 0.80072 0.89749 1.00000 0
0.50000 0.00000 0.00000 -1.00000 0.00000 0.03811 0.03811 0.79859 0.79859 0.89749 1.00000 0
0.50000 0.00000 0.00000 -1.00000 0.00000 0.03229 0.03229 0.79619 0.79619 0.89749 1.00000 0
0.50000 0.00000 0.00000 -1.00000 0.00000 0.02599 0.02599 0.79360 0.79360 0.89748 1.00000 0
0.50000 0.00000 0.00000 -1.00000 0.00000 0.01937 0.01937 0.79090 0.79090 0.89748 1.00000 0
0.50000 0.00000 0.00000 -1.00000 0.00000 0.01261 0.01261 0.78815 0.78815 0.89747 1.00000 0
0.50000 0.00000 0.00000 -1.00000 0.00000 0.00587 0.00587 0.78543 0.78543 0.89747 1.00000 0
0.50000 0.00000 0.00000 -1.00000 0.00000 0.00000 0.00000 0.78278 0.78278 0.89746 1.00000 0
0.50000 0.00000 0.00000 -1.00000 0.00000 0.00000 0.00000 0.78018 0.78018 0.89746 1.00000 0
0.50000 0.00000 0.00000 -1.00000 0.00000 0.00000 0.00000 0.77773 0.77773 0.89745 1.00000 0
0.50000 0.00000 0.00000 -1.00000 0.00000 0.00000 0.00000 0.77551 0.77551 0.89745 1.00000 0
0.50000 0.00000 0.00000 -1.00000 0.00000 0.00000 0.00000 0.77359 0.77359 0.89745 1.00000 0
0.50000 0.00000 0.00000 -1.00000 0.00000 0.00000 0.00000 0.77200 0.77200 0.89745 1.00000 0
0.50000 0.00000 0.00000 -1.00000 0.00000 0.00000 0.00000 0.77078 0.77078 0.89745 1.00000 0
0.50000 0.00000 0.00000 -1.00000 0.00000 0.00000 0.00000 0.76995 0.76995 0.89746 1.00000 0
0.50000 0.00000 0.00000 -1.00000 0.00000 0.00000 0.00000 0.76949 0.76949 0.89746 1.00000 0
0.50000 0.00000 0.00000 -1.00000 0.00000 0.00000 0.00000 0.76941 0.76941 0.89746 1.00000 0
0.50000 0.00000 0.00000 -1.00000 0.00000 0.00000 0.00000 0.76967 0.76967 0.89746 1.00000 0
0.50000 0.00000 0.00000 -1.00000 0.00000 0.00000 0.00000 0.77026 0.77026 0.89746 1.00000 0
0.50000 0.00000 0.00000 -1.00000 0.00000 0.00000 0.00000 0.77112 0.77112 0.89746 1.00000 0
0.50000 0.00000 0.00000 -1.00000 0.00000 0.00000 0.00000 0.77223 0.77223 0.89746 1.00000 0
0.50000 0.00000 0.00000 -1.00000 0.00000 0.00000 0.00000 0.77354 0.77354 0.89746 1.00000 0
0.50000 0.00000 0.00000 -1.00000 0.00000 0.00000 0.00000 0.77499 0.77499 0.89746 1.00000 0
0.50000 0.00000 0.00000 -1.00000 0.00000 0.00000 0.00000 0.77654 0.77654 0.89746 1.00000 0
0.50000 0.00000 0.00000 -1.00000 0.00000 0.00000 0.00000 0.77814 0.77814 0.89746 1.00000 0
0.50000 0.00000 0.00000 -1.00000 0.00000 0.00000 0.00000 0.77975 0.77975 0.89746 1.00000 0
0.50000 0.00000 0.00000 -1.00000 0.00000 0.00000 0.00000 0.78133 0.78133 0.89746 1.00000 0
0.50000 0.00000 0.00000 -1.00000 0.00000 0.00000 0.00000 0.78285 0.78285 0.89746 1.00000 0
0.50000 0.00000 0.00000 -1.00000 0.00000 0.00306 0.00306 0.78426 0.78426 0.89746 1.00000 0
0.50000 0.00000 0.00000 -1.00000 0.00000 0.00623 0.00623 0.78554 0.78554 0.89746 1.00000 0
0.50000 0.00000 0.00000 -1.00000 0.00000 0.00902 0.00902 0.78667 0.78667 0.89746 1.00000 0
0.50000 0.00000 0.00000 -1.00000 0.00000 0.01139 0.01139 0.78764 0.78764 0.89746 1.00000 0
0.50000 0.00000 0.00000 -1.00000 0.00000 0.01333 0.01333 0.78842 0.78842 0.89746 1.00000 0
0.50000 0.00000 0.00000 -1.00000 0.00000 0.01481 0.01481 0.78903 0.78903 0.89746 1.00000 0
0.50000 0.00000 0.00000 -1.00000 0.00000 0.01584 0.01584 0.78944 0.78944 0.89746 1.00000 0
0.50000 0.00000 0.00000 -1.00000 0.00000 0.01618 0.01618 0.78958 0.78958 0.89743 1.00000 0
0.50000 0.00000 0.00000 -1.00000 0.00000 0.01590 0.01590 0.78945 0.78945 0.89736 1.00000 0
0.50000 0.00000 0.00000 -1.00000 0.00000 0.01508 0.01508 0.78910 0.78910 0.89723 1.00000 0
0.50000 0.00000 0.00000 -1.00000 0.00000 0.01379 0.01379 0.78856 0.78856 0.89706 1.00000 0
0.50000 0.00000 0.00000 -1.00000 0.00000 0.01211 0.01211 0.78786 0.78786 0.89684 1.00000 0
0.50000 0.00000 0.00000 -1.00000 0.00000 0.01012 0.01012 0.78704 0.78704 0.89658 1.00000 0
0.50000 0.00000 0.00000 -1.00000 0.00000 0.00792 0.00792 0.78613 0.78613 0.89627 1.00000 0
0.50000 0.00000 0.00000 -1.00000 0.00000 0.00557 0.00557 0.78517 0.78517 0.89592 1.00000 0
0.50000 0.00000 0.00000 -1.00000 0.00000 0.00315 0.00315 0.78418 0.78418 0.89554 1.00000 0
0.50000 0.00000 0.00000 -1.00000 0.00000 0.00075 0.00075 0.78321 0.78321 0.89513 1.00000 0
0.50000 0.00000 0.00000 -1.00000 0.00000 0.00000 0.00000 0.78227 0.78227 0.89470 1.00000 0
0.50000 0.00000 0.00000 -1.00000 0.00000 0.00000 0.00000 0.78139 0.78139 0.89424 1.00000 0
0.50000 0.00000 0.00000 -1.00000 0.00000 0.00000 0.00000 0.78060 0.78060 0.89396 1.00000 0
0.50000 0.00000 0.00000 -1.00000 0.00000 0.00000 0.00000 0.77990 0.77990 0.89374 1.00000 0
0.50000 0.00000 0.00000 -1.00000 0.00000 0.00000 0.00000 0.77931 0.77931 0.89357 1.00000 0
0.50000 0.00000 0.00000 -1.00000 0.00000 0.00000 0.00000 0.77884 0.77884 0.89345 1.00000 0
0.50000 0.00000 0.00000 -1.00000 0.00000 0.00000 0.00000 0.77850 0.77850 0.89336 1.00000 0
0.50000 0.00000 0.00000 -1.00000 0.00000 0.00000 0.00000 0.77827 0.77827 0.89330 1.00000 0
0.50000 0.00000 0.00000 -1.00000 0.00000 0.00000 0.00000 0.77815 0.77815 0.89328 1.00000 0
0.50000 0.00000 0.00000 -1.00000 0.00000 0.00000 0.00000 0.77815 0.77815 0.89329 1.00000 0
0.50000 0.00000 0.00000 -1.00000 0.00000 0.00000 0.00000 0.77824 0.77824 0.89332 1.00000 0
0.50000 0.00000 0.00000 -1.00000 0.00000 0.00000 0.00000 0.77843 0.77843 0.89337 1.00000 0
0.50000 0.00000 0.00000 -1.00000 0.00000 0.00000 0.00000 0.77869 0.77869 0.89344 1.00000 0
0.50000 0.00000 0.00000 -1.00000 0.00000 0.00000 0.00000 0.77901 0.77901 0.89354 1.00000 0
0.50000 0.00000 0.00000 -1.00000 0.00000 0.00000 0.00000 0.77937 0.77937 0.89365 1.00000 0
0.50000 0.00000 0.00000 -1.00000 0.00000 0.00000 0.00000 0.77977 0.77977 0.89377 1.00000 0
0.50000 0.00000 0.00000 -1.00000 0.00000 0.00000 0.00000 0.78019 0.78019 0.89391 1.00000 0
0.50000 0.00000 0.00000 -1.00000 0.00000 0.00000 0.00000 0.78061 0.78061 0.89407 1.00000 0
0.50000 0.00000 0.00000 -1.00000 0.00000 0.00000 0.00000 0.78102 0.78102 0.89423 1.00000 0
0.50000 0.00000 0.00000 -1.00000 0.00000 0.00000 0.00000 0.78142 0.78142 0.89440 1.00000 0
0.50000 0.00000 0.00000 -1.00000 0.00000 0.00000 0.00000 0.78179 0.78179 0.89458 1.00000 0
0.50000 0.00000 0.00000 -1.00000 0.00000 0.00000 0.00000 0.78212 0.78212 0.89477 1.00000 0
0.50000 0.00000 0.00000 -1.00000 0.00000 0.00000 0.00000 0.78241 0.78241 0.89496 1.00000 0
0.50000 0.00000 0.00000 -1.00000 0.00000 0.00000 0.00000 0.78266 0.78266 0.89515 1.00000 0
0.50000 0.00000 0.00000 -1.00000 0.00000 0.00000 0.00000 0.78285 0.78285 0.00000 0.00000 0
