0.00000 0.00000 -1.00000 0.00000 0.75738 0.75738 0.77829 0.77829 0.00000 0.00000 0
0.00000 0.00000 0.01251 -0.49859 0.75784 0.75784 0.77877 0.77877 0.00000 0.00000 1
-0.50000 -0.50000 0.00259 0.00205 0.76604 0.76603 0.78549 0.78548 0.64034 0.00000 1
-0.50000 -0.50000 0.00261 -0.00284 0.76604 0.76603 0.78549 0.78548 0.63706 0.00000 1
-0.50000 -0.50000 0.00266 0.00396 0.76604 0.76603 0.78549 0.78548 0.62995 0.00000 1
-0.50000 -0.50000 0.03234 0.89492 0.76603 0.76602 0.78549 0.78548 0.65044 0.00000 1
0.00000 0.00000 -1.00000 0.00000 0.75876 0.75876 0.77939 0.77939 0.00000 0.00000 0
0.00000 0.00000 0.01251 -0.00000 0.75966 0.75966 0.78022 0.78022 0.00000 0.00000 1
0.00000 0.00000 -1.00000 0.00000 0.75876 0.75876 0.77939 0.77939 0.00000 0.00000 0
0.00000 0.00000 0.01251 -0.50000 0.75966 0.75966 0.78022 0.78022 0.00000 0.00000 1
-0.50000 -0.50000 0.02502 -0.63225 0.76604 0.76603 0.78549 0.78548 0.64033 0.00000 1
-0.50000 -0.50000 0.05084 -0.69406 0.76763 0.76677 0.78678 0.78604 0.65033 0.00000 1
0.00000 0.00000 -1.00000 0.00000 0.75876 0.75876 0.77939 0.77939 0.00000 0.00000 0
0.00000 0.00000 0.01251 -0.50000 0.75966 0.75966 0.78022 0.78022 0.00000 0.00000 1
-0.50000 -0.50000 0.02430 0.86329 0.76604 0.76603 0.78549 0.78548 0.64033 0.00000 1
0.00000 0.00000 -1.00000 0.00000 0.75876 0.75876 0.77939 0.77939 0.00000 0.00000 0
0.00000 0.00000 0.01251 -0.50000 0.75966 0.75966 0.78022 0.78022 0.00000 0.00000 1
-0.50000 -0.50000 0.02430 0.86329 0.76604 0.76603 0.78549 0.78548 0.64033 0.00000 1
0.00000 0.00000 -1.00000 0.00000 0.75876 0.75876 0.77939 0.77939 0.00000 0.00000 0
0.00000 0.00000 0.01251 -1.00000 0.75966 0.75966 0.78022 0.78022 0.00000 0.00000 1
-0.50000 -0.50000 0.02589 0.86694 0.76571 0.76589 0.78523 0.78538 0.68537 0.00000 1
-0.50000 -0.50000 0.04734 0.96953 0.76604 0.76603 0.78549 0.78548 0.65034 0.00000 1
-0.50000 -0.50000 0.00259 -0.00032 0.76290 0.75230 0.78311 0.77398 0.64052 0.00000 1
-0.50000 -0.50000 0.06143 0.95573 0.76134 0.76420 0.78169 0.78416 0.63231 0.00000 1
-0.50000 -0.50000 0.02461 0.46155 0.76604 0.76603 0.78549 0.78549 0.63099 0.00000 1
0.00000 0.00000 -1.00000 0.00000 0.75876 0.75876 0.77939 0.77939 0.00000 0.00000 0
0.00000 0.00000 0.01251 -0.00000 0.75966 0.75966 0.78022 0.78022 0.00000 0.00000 1
0.00000 0.00000 -1.00000 0.00000 0.75876 0.75876 0.77939 0.77939 0.00000 0.00000 0
0.00000 0.00000 0.01251 -0.00000 0.75966 0.75966 0.78022 0.78022 0.00000 0.00000 1
0.00000 0.00000 -1.00000 0.00000 0.75876 0.75876 0.77939 0.77939 0.00000 0.00000 0
0.00000 0.00000 0.01251 -0.00000 0.75966 0.75966 0.78022 0.78022 0.00000 0.00000 1
