0.80000 0.00000 0.00000 0.00000 0.00000 0.00000 0.00000 
0.64000 1.00000 0.00000 0.00000 0.00000 0.00000 0.00000 
0.80000 1.00000 0.00000 0.00000 0.00000 0.00000 0.00000 
0.80000 1.00000 0.00000 0.00000 0.00000 0.00000 0.00000 
0.80000 1.00000 0.00000 0.00000 0.00000 0.00000 0.00000 
0.80000 1.00000 0.00000 0.00000 0.00000 0.00000 0.00000 
0.80000 0.00000 0.00000 0.00000 0.00000 0.00000 0.00000 
0.64000 1.00000 0.00000 0.00000 0.00000 0.00000 0.00000 
0.80000 0.00000 0.00000 0.00000 0.00000 0.00000 0.00000 
0.64000 1.00000 0.00000 0.00000 0.00000 0.00000 0.00000 
0.80000 1.00000 0.00000 0.00000 0.00000 0.00000 0.00000 
0.80000 1.00000 0.00000 0.00000 0.00000 0.00000 0.00000 
0.80000 0.00000 0.00000 0.00000 0.00000 0.00000 0.00000 
0.64000 1.00000 0.00000 0.00000 0.00000 0.00000 0.00000 
0.80000 1.00000 0.00000 0.00000 0.00000 0.00000 0.00000 
0.80000 0.00000 0.00000 0.00000 0.00000 0.00000 0.00000 
0.64000 1.00000 0.00000 0.00000 0.00000 0.00000 0.00000 
0.80000 1.00000 0.00000 0.00000 0.00000 0.00000 0.00000 
0.80000 0.00000 0.00000 0.00000 0.00000 0.00000 0.00000 
0.64000 1.00000 0.00000 0.00000 0.00000 0.00000 0.00000 
0.80000 1.00000 0.00000 0.00000 0.00000 0.00000 0.00000 
0.80000 1.00000 0.00000 0.00000 0.00000 0.00000 0.00000 
0.80000 1.00000 0.00000 0.00000 0.00000 0.00000 0.00000 
0.80000 1.00000 0.00000 0.00000 0.00000 0.00000 0.00000 
0.80000 1.00000 0.00000 0.00000 0.00000 0.00000 0.00000 
0.80000 0.00000 0.00000 0.00000 0.00000 0.00000 0.00000 
0.64000 1.00000 0.00000 0.00000 0.00000 0.00000 0.00000 
0.80000 0.00000 0.00000 0.00000 0.00000 0.00000 0.00000 
0.64000 1.00000 0.00000 0.00000 0.00000 0.00000 0.00000 
0.80000 0.00000 0.00000 0.00000 0.00000 0.00000 0.00000 
0.64000 1.00000 0.00000 0.00000 0.00000 0.00000 0.00000 
