0.00000 0.00000 -1.00000 0.00000 0.75637 0.75637 0.77721 0.77721 0.00000 0.00000 0
0.00000 0.00000 0.01251 -0.50000 0.75666 0.75666 0.77747 0.77747 0.00000 0.00000 0
0.00000 1.00000 0.01251 -0.49983 0.75719 0.75719 0.77796 0.77796 0.00000 0.00000 0
0.00017 0.99983 0.01251 -0.49945 0.75748 0.75748 0.77827 0.77827 0.00000 0.00000 0
0.00055 0.99945 0.01251 -0.49887 0.75751 0.75751 0.77840 0.77840 0.00000 0.00000 0
0.00113 0.99887 0.01251 -0.49811 0.75733 0.75733 0.77836 0.77836 0.00000 0.00000 0
0.00189 0.99811 0.01251 -0.49719 0.75695 0.75695 0.77817 0.77817 0.00000 0.00000 0
0.00281 0.99719 0.01251 -0.49614 0.75642 0.75642 0.77785 0.77785 0.00000 0.00000 0
0.00386 0.99614 0.01251 -0.49497 0.75576 0.75577 0.77742 0.77743 0.00000 0.00000 0
0.00503 0.99497 0.01251 -0.49369 0.75502 0.75504 0.77691 0.77693 0.00000 0.00000 0
0.00631 0.99369 0.01251 -0.49234 0.75423 0.75427 0.77634 0.77638 0.00000 0.00000 0
0.00766 0.99234 0.01251 -0.49091 0.75343 0.75350 0.77574 0.77580 0.00000 0.00000 0
0.00909 0.99091 0.01251 -0.48943 0.75265 0.75277 0.77514 0.77524 0.00000 0.00000 0
0.01057 0.98943 0.01251 -0.48790 0.75194 0.75211 0.77458 0.77472 0.00000 0.00000 0
0.01210 0.98790 0.01251 -0.48633 0.75133 0.75156 0.77407 0.77427 0.00000 0.00000 0
0.01367 0.98633 0.01251 -0.48473 0.75084 0.75115 0.77365 0.77391 0.00000 0.00000 0
0.01527 0.98473 0.01251 -0.48310 0.75051 0.75090 0.77334 0.77368 0.00000 0.00000 0
0.01690 0.98310 0.01251 -0.48144 0.75033 0.75083 0.77314 0.77357 0.00000 0.00000 0
0.01856 0.98144 0.01250 -0.47976 0.75033 0.75094 0.77308 0.77360 0.00000 0.00000 0
0.02024 0.97976 0.01250 -0.47806 0.75050 0.75123 0.77316 0.77378 0.00000 0.00000 0
0.02194 0.97806 0.01250 -0.47633 0.75084 0.75170 0.77337 0.77410 0.00000 0.00000 0
0.02367 0.97633 0.01250 -0.47457 0.75133 0.75232 0.77371 0.77455 0.00000 0.00000 0
0.50095 0.49905 0.00115 0.00084 0.76100 0.76095 0.78147 0.78143 0.88988 1.00000 0
-0.50000 -0.50000 0.00114 0.00073 0.76100 0.76096 0.78147 0.78143 0.89087 1.00000 0
-0.50000 -0.50000 0.00114 0.00062 0.76198 0.76195 0.78225 0.78222 0.89175 1.00000 0
-0.50000 -0.50000 0.00113 0.00050 0.76388 0.76385 0.78377 0.78374 0.89243 1.00000 0
-0.50000 -0.50000 0.00113 0.00038 0.76654 0.76650 0.78589 0.78586 0.89295 1.00000 0
-0.50000 -0.50000 0.00113 0.00027 0.76975 0.76971 0.78847 0.78843 0.89333 1.00000 0
-0.50000 -0.50000 0.00113 0.00016 0.77330 0.77325 0.79132 0.79128 0.89358 1.00000 0
-0.50000 -0.50000 0.00113 0.00003 0.77698 0.77693 0.79430 0.79426 0.89372 1.00000 0
-0.50000 -0.50000 0.00113 -0.00007 0.78052 0.78048 0.79717 0.79713 0.89293 1.00000 0
-0.50000 -0.50000 0.00114 -0.00015 0.78382 0.78378 0.79986 0.79982 0.89172 1.00000 0
-0.50000 -0.50000 0.00114 -0.00018 0.78678 0.78672 0.80227 0.80222 0.89044 1.00000 0
-0.50000 -0.50000 0.00115 -0.00013 0.78937 0.78905 0.80440 0.80412 0.88912 1.00000 0
-0.50000 -0.50000 0.00116 -0.00001 0.79145 0.79072 0.80613 0.80548 0.88776 1.00000 0
-0.50000 -0.50000 0.00116 0.00018 0.79291 0.79177 0.80734 0.80632 0.88638 1.00000 0
-0.50000 -0.50000 0.00117 0.00046 0.79374 0.79219 0.80804 0.80666 0.88497 1.00000 0
-0.50000 -0.50000 0.00118 0.00084 0.79398 0.79201 0.80826 0.80650 0.88353 1.00000 0
-0.50000 -0.50000 0.00118 0.00138 0.79371 0.79124 0.80805 0.80585 0.88203 1.00000 0
-0.50000 -0.50000 0.00119 0.00204 0.79302 0.78990 0.80751 0.80473 0.88045 0.00000 0
-0.50000 -0.50000 0.00120 0.00278 0.79201 0.78819 0.80670 0.80331 0.87876 0.00000 0
-0.50000 -0.50000 0.00121 0.00350 0.79069 0.78639 0.80564 0.80182 0.87695 0.00000 0
-0.50000 -0.50000 0.00122 0.00415 0.78909 0.78472 0.80432 0.80045 0.87499 0.00000 0
-0.50000 -0.50000 0.00323 0.00410 0.75988 0.75987 0.78058 0.78057 0.55197 0.00000 0
-0.50000 -0.50000 0.00325 0.00408 0.76008 0.76007 0.78074 0.78072 0.54812 0.00000 0
0.50408 0.49592 0.00328 0.00406 0.76030 0.76028 0.78091 0.78089 0.54428 0.00000 0
0.50406 0.49594 0.00331 0.00404 0.75955 0.75953 0.78031 0.78030 0.54054 0.00000 0
0.50404 0.49596 0.00334 0.00402 0.75787 0.75785 0.77898 0.77897 0.53695 0.00000 0
0.50402 0.49598 0.00337 0.00401 0.75540 0.75538 0.77702 0.77701 0.53351 0.00000 0
0.50401 0.49599 0.00339 0.00399 0.75230 0.75228 0.77457 0.77455 0.53022 0.00000 0
0.50399 0.49601 0.00341 0.00398 0.74874 0.74873 0.77176 0.77175 0.52708 0.00000 0
0.50398 0.49602 0.00344 0.00396 0.74493 0.74492 0.76877 0.76876 0.52411 0.00000 0
0.50396 0.49604 0.00346 0.00395 0.74108 0.74107 0.76576 0.76575 0.52130 0.00000 0
0.50395 0.49605 0.00347 0.00394 0.73735 0.73735 0.76286 0.76285 0.51868 0.00000 0
0.50394 0.49606 0.00349 0.00398 0.73394 0.73394 0.76021 0.76020 0.51625 0.00000 0
0.50398 0.49602 0.00351 0.00410 0.73089 0.73115 0.75784 0.75806 0.51401 0.00000 0
0.50410 0.49590 0.00352 0.00429 0.72835 0.72913 0.75586 0.75651 0.51196 0.00000 0
0.50429 0.49571 0.00353 0.00456 0.72650 0.72786 0.75442 0.75555 0.51011 0.00000 0
0.50456 0.49544 0.00354 0.00493 0.72540 0.72734 0.75356 0.75517 0.50846 0.00000 0
0.50493 0.49507 0.00355 0.00541 0.72502 0.72754 0.75325 0.75535 0.50702 0.00000 0
0.50541 0.49459 0.00356 0.00605 0.72524 0.72841 0.75340 0.75604 0.50578 0.00000 0
0.50605 0.49395 0.00357 0.00685 0.72597 0.72994 0.75393 0.75725 0.50477 0.00000 0
0.50685 0.49315 0.00357 0.00774 0.72709 0.73192 0.75477 0.75881 0.50398 0.00000 0
0.50774 0.49226 0.00358 0.00864 0.72862 0.73397 0.75593 0.76042 0.50342 0.00000 0
0.50864 0.49136 0.00358 0.00949 0.73051 0.73586 0.75739 0.76188 0.50308 0.00000 0
0.50655 0.49345 0.00115 0.00595 0.76165 0.76146 0.78199 0.78182 0.88719 0.00000 0
-0.50000 -0.50000 0.00113 0.00536 0.76157 0.76152 0.78192 0.78188 0.89061 1.00000 0
-0.50000 -0.50000 0.00112 0.00479 0.76247 0.76254 0.78264 0.78270 0.89391 1.00000 0
-0.50000 -0.50000 0.00112 0.00417 0.76429 0.76444 0.78409 0.78422 0.89709 0.00000 0
-0.50000 -0.50000 0.00112 0.00359 0.76658 0.76677 0.78592 0.78608 0.89681 0.00000 0
-0.50000 -0.50000 0.00113 0.00306 0.76944 0.76965 0.78821 0.78839 0.89613 1.00000 0
-0.50000 -0.50000 0.00113 0.00256 0.77267 0.77287 0.79081 0.79098 0.89486 1.00000 0
-0.50000 -0.50000 0.00114 0.00209 0.77609 0.77627 0.79357 0.79373 0.89342 1.00000 0
-0.50000 -0.50000 0.00114 0.00164 0.77953 0.77967 0.79636 0.79648 0.89181 1.00000 0
-0.50000 -0.50000 0.00115 0.00121 0.78281 0.78291 0.79903 0.79911 0.89003 1.00000 0
-0.50000 -0.50000 0.00116 0.00084 0.78579 0.78584 0.80146 0.80151 0.88837 1.00000 0
-0.50000 -0.50000 0.00116 0.00057 0.78841 0.78827 0.80361 0.80349 0.88665 1.00000 0
-0.50000 -0.50000 0.00117 0.00038 0.79061 0.79006 0.80543 0.80494 0.88489 1.00000 0
-0.50000 -0.50000 0.00118 0.00029 0.79224 0.79124 0.80679 0.80589 0.88311 1.00000 0
-0.50000 -0.50000 0.00119 0.00030 0.79326 0.79180 0.80764 0.80634 0.88130 1.00000 0
-0.50000 -0.50000 0.00120 0.00042 0.79370 0.79178 0.80802 0.80631 0.87947 0.00000 0
-0.50000 -0.50000 0.00120 0.00069 0.79364 0.79121 0.80799 0.80583 0.87760 0.00000 0
-0.50000 -0.50000 0.00121 0.00109 0.79314 0.79009 0.80760 0.80489 0.87567 0.00000 0
-0.50000 -0.50000 0.00123 0.00156 0.79226 0.78857 0.80690 0.80362 0.87364 0.00000 0
-0.50000 -0.50000 0.00124 0.00204 0.79103 0.78693 0.80591 0.80226 0.87151 0.00000 0
-0.50000 -0.50000 0.00125 0.00245 0.78949 0.78534 0.80464 0.80097 0.86926 0.00000 0
-0.50000 -0.50000 0.00333 0.00024 0.75990 0.75989 0.78060 0.78059 0.53909 0.00000 0
-0.50000 -0.50000 0.02449 0.87186 0.76010 0.76009 0.78075 0.78074 0.53523 0.00000 0
1.00000 -0.37186 0.02442 0.87166 0.76031 0.76030 0.78092 0.78091 0.53137 0.00000 0
1.00000 -0.37166 0.02435 0.87144 0.75956 0.75955 0.78032 0.78031 0.52763 0.00000 0
1.00000 -0.37144 0.02428 0.87113 0.75795 0.75793 0.77904 0.77903 0.52402 0.00000 0
1.00000 -0.37113 0.02422 0.87069 0.75583 0.75581 0.77736 0.77735 0.52053 0.00000 0
1.00000 -0.37069 0.02416 0.87011 0.75344 0.75343 0.77547 0.77546 0.51716 0.00000 0
1.00000 -0.37011 0.02409 0.86940 0.75096 0.75097 0.77351 0.77352 0.51389 0.00000 0
1.00000 -0.36940 0.02403 0.86856 0.74855 0.74860 0.77161 0.77165 0.51072 0.00000 0
1.00000 -0.36856 0.02398 0.86761 0.74634 0.74646 0.76987 0.76997 0.50766 0.00000 0
1.00000 -0.36761 0.02392 0.86657 0.74444 0.74465 0.76838 0.76856 0.50471 0.00000 0
1.00000 -0.36657 0.02387 0.86545 0.74291 0.74325 0.76718 0.76747 0.50187 0.00000 0
1.00000 -0.36545 0.02382 0.86426 0.74182 0.74230 0.76632 0.76673 0.49915 0.00000 0
1.00000 -0.36426 0.02378 0.86300 0.74118 0.74183 0.76582 0.76637 0.49654 0.00000 0
1.00000 -0.36300 0.02374 0.86170 0.74099 0.74183 0.76567 0.76637 0.49406 0.00000 0
1.00000 -0.36170 0.02370 0.86034 0.74125 0.74226 0.76586 0.76672 0.49169 0.00000 0
1.00000 -0.36034 0.02366 0.85894 0.74190 0.74309 0.76636 0.76737 0.48942 0.00000 0
1.00000 -0.35894 0.02362 0.85749 0.74290 0.74425 0.76714 0.76829 0.48725 0.00000 0
1.00000 -0.35749 0.02359 0.85599 0.74419 0.74568 0.76815 0.76941 0.48517 0.00000 0
1.00000 -0.35599 0.02356 0.85443 0.74571 0.74730 0.76934 0.77069 0.48317 0.00000 0
1.00000 -0.35443 0.02353 0.85281 0.74738 0.74905 0.77064 0.77206 0.48123 0.00000 0
1.00000 -0.35281 0.02350 0.85114 0.74913 0.75085 0.77202 0.77348 0.47934 0.00000 0
0.50284 0.49716 0.00115 0.00259 0.75525 0.76088 0.77648 0.78133 0.88978 1.00000 0
-0.50000 -0.50000 0.00114 0.00235 0.75497 0.76250 0.77614 0.78264 0.89083 1.00000 0
-0.50000 -0.50000 0.00114 0.00212 0.75605 0.76513 0.77691 0.78476 0.89175 1.00000 0
-0.50000 -0.50000 0.00113 0.00192 0.75842 0.76849 0.77874 0.78748 0.89243 1.00000 0
-0.50000 -0.50000 0.00113 0.00175 0.76189 0.77226 0.78148 0.79052 0.89295 1.00000 0
-0.50000 -0.50000 0.00113 0.00162 0.76617 0.77612 0.78494 0.79364 0.89337 1.00000 0
-0.50000 -0.50000 0.00113 0.00156 0.77094 0.77988 0.78884 0.79669 0.89368 1.00000 0
-0.50000 -0.50000 0.00113 0.00156 0.77576 0.78331 0.79283 0.79949 0.89284 1.00000 0
-0.50000 -0.50000 0.00113 0.00156 0.77692 0.78366 0.79383 0.79977 0.89284 1.00000 0
-0.50000 -0.50000 0.00113 0.00156 0.77713 0.78350 0.79405 0.79966 0.89284 1.00000 0
-0.50000 -0.50000 0.00113 0.00156 0.77715 0.78329 0.79411 0.79952 0.89284 1.00000 0
-0.50000 -0.50000 0.00113 0.00156 0.77719 0.78309 0.79419 0.79939 0.89284 1.00000 0
-0.50000 -0.50000 0.00113 0.00156 0.77725 0.78290 0.79428 0.79925 0.89284 1.00000 0
-0.50000 -0.50000 0.00113 0.00156 0.77731 0.78271 0.79437 0.79913 0.89284 1.00000 0
-0.50000 -0.50000 0.00113 0.00156 0.77738 0.78254 0.79446 0.79900 0.89284 1.00000 0
-0.50000 -0.50000 0.00113 0.00156 0.77743 0.78239 0.79453 0.79889 0.89284 1.00000 0
-0.50000 -0.50000 0.00113 0.00156 0.77747 0.78225 0.79459 0.79879 0.89284 1.00000 0
-0.50000 -0.50000 0.00113 0.00156 0.77750 0.78214 0.79462 0.79870 0.89284 1.00000 0
-0.50000 -0.50000 0.00113 0.00156 0.77751 0.78205 0.79464 0.79862 0.89284 1.00000 0
-0.50000 -0.50000 0.00113 0.00156 0.77752 0.78198 0.79464 0.79856 0.89284 1.00000 0
-0.50000 -0.50000 0.00113 0.00156 0.77751 0.78195 0.79462 0.79852 0.89284 1.00000 0
-0.50000 -0.50000 0.00113 0.00155 0.76119 0.75416 0.78197 0.77593 0.89284 1.00000 1
0.30000 0.30000 0.00113 0.00156 0.76210 0.75485 0.78269 0.77646 0.89284 1.00000 1
0.30000 0.30000 0.00113 0.00156 0.76216 0.75504 0.78272 0.77659 0.89284 1.00000 1
0.30000 0.30000 0.00113 0.00156 0.76139 0.75468 0.78208 0.77630 0.89284 1.00000 1
0.30000 0.30000 0.00113 0.00155 0.75986 0.75380 0.78082 0.77561 0.89284 1.00000 1
0.30000 0.30000 0.00113 0.00155 0.75769 0.75245 0.77905 0.77455 0.89284 1.00000 1
0.30000 0.30000 0.00113 0.00155 0.75499 0.75069 0.77686 0.77318 0.89284 1.00000 1
0.30000 0.30000 0.00113 0.00155 0.75190 0.74862 0.77437 0.77157 0.89283 1.00000 1
0.30000 0.30000 0.00113 0.00155 0.74856 0.74632 0.77169 0.76978 0.89283 1.00000 1
0.30000 0.30000 0.00113 0.00155 0.74512 0.74389 0.76894 0.76790 0.89283 1.00000 1
0.30000 0.30000 0.00113 0.00155 0.74171 0.74143 0.76624 0.76599 0.89283 1.00000 1
0.30000 0.30000 0.00113 0.00155 0.73846 0.73902 0.76367 0.76414 0.89283 1.00000 1
0.30000 0.30000 0.00113 0.00155 0.73549 0.73677 0.76133 0.76241 0.89283 1.00000 1
0.30000 0.30000 0.00113 0.00155 0.73290 0.73476 0.75930 0.76087 0.89283 1.00000 1
0.30000 0.30000 0.00113 0.00155 0.73072 0.73311 0.75761 0.75960 0.89283 1.00000 1
0.30000 0.30000 0.00113 0.00155 0.72905 0.73186 0.75630 0.75866 0.89283 1.00000 1
0.30000 0.30000 0.00113 0.00156 0.72791 0.73106 0.75542 0.75806 0.89284 1.00000 1
0.30000 0.30000 0.00113 0.00156 0.72731 0.73071 0.75495 0.75780 0.89284 1.00000 1
0.30000 0.30000 0.00113 0.00156 0.72724 0.73078 0.75491 0.75786 0.89284 1.00000 1
0.30000 0.30000 0.00113 0.00156 0.72771 0.73120 0.75528 0.75820 0.89284 1.00000 1
0.30000 0.30000 0.00113 0.00156 0.72864 0.73193 0.75601 0.75876 0.89284 1.00000 1
0.30000 0.30000 0.00113 0.00156 0.20583 0.76314 0.78318 0.78319 0.89284 1.00000 1
-0.02500 0.05000 0.00113 0.00156 0.20718 0.76314 0.78318 0.78319 0.89284 1.00000 1
-0.02500 0.05000 0.00113 0.00156 0.20821 0.76392 0.78380 0.78380 0.89284 1.00000 1
-0.02500 0.05000 0.00113 0.00156 0.20891 0.76543 0.78501 0.78501 0.89284 1.00000 1
-0.02500 0.05000 0.00113 0.00156 0.20930 0.76759 0.78674 0.78674 0.89284 1.00000 1
-0.02500 0.05000 0.00113 0.00156 0.77027 0.77027 0.78889 0.78889 0.89283 1.00000 1
0.05000 0.05000 0.00113 0.00156 0.77331 0.77331 0.79133 0.79133 0.89283 1.00000 1
0.05000 0.05000 0.00113 0.00156 0.77638 0.77637 0.79381 0.79380 0.89282 1.00000 1
0.05000 0.05000 0.00113 0.00156 0.77821 0.77924 0.79525 0.79615 0.89283 1.00000 1
0.05000 0.05000 0.00113 0.00156 0.77898 0.78166 0.79580 0.79817 0.89283 1.00000 1
0.05000 0.05000 0.00113 0.00156 0.77890 0.78350 0.79565 0.79971 0.89283 1.00000 1
0.05000 0.05000 0.00113 0.00156 0.77828 0.78468 0.79507 0.80072 0.89283 1.00000 1
0.05000 0.05000 0.00113 0.00156 0.77737 0.78470 0.79429 0.80075 0.89284 1.00000 1
0.05000 0.05000 0.00113 0.00156 0.77650 0.78411 0.79357 0.80027 0.89284 1.00000 1
0.05000 0.05000 0.00113 0.00156 0.77560 0.78305 0.79285 0.79941 0.89284 1.00000 1
0.05000 0.05000 0.00113 0.00156 0.77465 0.78159 0.79210 0.79820 0.89284 1.00000 1
0.05000 0.05000 0.00113 0.00156 0.21368 0.77977 0.79130 0.79671 0.89284 1.00000 1
-0.02500 0.05000 0.00113 0.00156 0.21419 0.77767 0.79043 0.79499 0.89284 1.00000 1
-0.02500 0.05000 0.00113 0.00156 0.21458 0.77561 0.78969 0.79330 0.89284 1.00000 1
-0.02500 0.05000 0.00113 0.00156 0.21489 0.77360 0.78902 0.79166 0.89284 1.00000 1
-0.02500 0.05000 0.00113 0.00156 0.21516 0.77159 0.78834 0.79002 0.89283 1.00000 1
0.05000 -0.02500 0.00113 0.00156 0.00098 0.00069 0.78338 0.78331 0.89284 1.00000 1
0.00000 0.00000 0.00113 0.00156 0.00148 0.00088 0.78355 0.78341 0.89284 1.00000 1
0.00000 0.00000 0.00113 0.00156 0.00221 0.00142 0.78383 0.78363 0.89284 1.00000 1
0.00000 0.00000 0.00113 0.00156 0.00299 0.00210 0.78413 0.78391 0.89284 1.00000 1
0.00000 0.00000 0.00113 0.00156 0.00374 0.00284 0.78443 0.78421 0.89284 1.00000 1
0.00000 0.00000 0.00113 0.00156 0.00441 0.00356 0.78470 0.78449 0.89284 1.00000 1
0.00000 0.00000 0.00113 0.00156 0.00498 0.00422 0.78493 0.78475 0.89284 1.00000 1
0.00000 0.00000 0.00113 0.00156 0.00542 0.00479 0.78512 0.78497 0.89284 1.00000 1
0.00000 0.00000 0.00113 0.00156 0.00573 0.00524 0.78526 0.78514 0.89284 1.00000 1
0.00000 0.00000 0.00113 0.00156 0.00589 0.00556 0.78534 0.78526 0.89284 1.00000 1
0.00000 0.00000 0.00113 0.00156 0.00592 0.00575 0.78537 0.78532 0.89284 1.00000 1
0.00000 0.00000 0.00113 0.00156 0.00583 0.00580 0.78534 0.78533 0.89284 1.00000 1
0.00000 0.00000 0.00113 0.00156 0.00562 0.00572 0.78527 0.78529 0.89284 1.00000 1
0.00000 0.00000 0.00113 0.00156 0.00530 0.00551 0.78515 0.78521 0.89284 1.00000 1
0.00000 0.00000 0.00113 0.00156 0.00489 0.00519 0.78500 0.78507 0.89284 1.00000 1
0.00000 0.00000 0.00113 0.00156 0.00441 0.00477 0.78481 0.78490 0.89284 1.00000 1
0.00000 0.00000 0.00113 0.00156 0.00387 0.00427 0.78460 0.78470 0.89284 1.00000 1
0.00000 0.00000 0.00113 0.00156 0.00328 0.00371 0.78437 0.78447 0.89284 1.00000 1
0.00000 0.00000 0.00113 0.00156 0.00267 0.00310 0.78412 0.78423 0.89284 1.00000 1
0.00000 0.00000 0.00113 0.00156 0.00205 0.00246 0.78387 0.78397 0.89284 1.00000 1
0.00000 0.00000 0.00113 0.00156 0.00143 0.00181 0.78362 0.78371 0.89284 1.00000 1
0.00000 0.00000 0.00118 0.00155 0.00000 0.00000 0.78201 0.78201 0.00000 0.00000 0
0.50000 0.50000 0.00119 0.00156 0.00000 0.00000 0.78199 0.78199 0.00000 0.00000 0
0.50000 0.50000 0.00120 0.00156 0.00000 0.00000 0.78118 0.78118 0.00000 0.00000 0
0.50000 0.50000 0.00121 0.00156 0.00000 0.00000 0.77961 0.77961 0.00000 0.00000 0
0.50000 0.50000 0.00121 0.00157 0.00000 0.00000 0.77740 0.77740 0.00000 0.00000 0
0.50000 0.50000 0.00122 0.00158 0.00000 0.00000 0.77469 0.77469 0.00000 0.00000 0
0.50000 0.50000 0.00122 0.00159 0.00000 0.00000 0.77165 0.77165 0.00000 0.00000 0
0.50000 0.50000 0.00122 0.00161 0.00000 0.00000 0.76845 0.76845 0.00000 0.00000 0
0.50000 0.50000 0.00120 0.00165 0.00000 0.00000 0.76524 0.76524 0.00000 0.00000 0
0.50000 0.50000 0.00119 0.00168 0.00000 0.00000 0.76220 0.76220 0.00000 0.00000 0
0.50000 0.50000 0.00118 0.00172 0.00000 0.00000 0.75948 0.75948 0.00000 0.00000 0
0.50000 0.50000 0.00116 0.00175 0.00000 0.00000 0.75722 0.75721 0.00000 0.00000 0
0.50000 0.50000 0.00115 0.00179 0.00000 0.00000 0.75559 0.75558 0.00000 0.00000 0
0.50000 0.50000 0.00114 0.00182 0.00000 0.00000 0.75473 0.75472 0.00000 0.00000 0
0.50000 0.50000 0.00113 0.00185 0.00000 0.00000 0.75461 0.75460 0.00000 0.00000 0
0.50000 0.50000 0.00111 0.00188 0.00000 0.00000 0.75510 0.75509 0.00000 0.00000 0
0.50000 0.50000 0.00110 0.00192 0.00000 0.00000 0.03880 0.03874 0.00000 0.00000 0
0.50000 0.50000 0.00108 0.00196 0.00000 0.00000 0.04092 0.04086 0.00000 0.00000 0
0.50000 0.50000 0.00107 0.00200 0.00000 0.00000 0.04330 0.04325 0.00000 0.00000 0
0.50000 0.50000 0.00105 0.00205 0.00000 0.00000 0.04589 0.04586 0.00000 0.00000 0
0.50000 0.50000 0.00104 0.00209 0.00000 0.00000 0.04879 0.04877 0.00000 0.00000 0
0.50000 0.50000 0.01133 0.99703 0.76122 0.76122 0.78165 0.78165 0.80102 0.00000 0
