1.00000 0.00000 0.00000 0.00000 0.00000 0.00000 0.00000 
0.80000 1.00000 0.00000 0.00000 0.00000 0.00000 0.00000 
0.64000 0.80000 0.00000 0.00000 0.00000 0.00000 0.00000 
0.51200 0.64000 0.00000 0.00000 0.00000 0.00000 0.00000 
0.40960 0.51200 0.00000 0.00000 0.00000 0.00000 0.00000 
0.32768 0.40960 0.00000 0.00000 0.00000 0.00000 0.00000 
0.26214 0.32768 0.00000 0.00000 0.00000 0.00000 0.00000 
0.20972 0.26214 0.00000 0.00000 0.00000 0.00000 0.00000 
0.16777 0.20972 0.00000 0.00000 0.00000 0.00000 0.00000 
0.13422 0.16777 0.00000 0.00000 0.00000 0.00000 0.00000 
0.10737 0.13422 0.00000 0.00000 0.00000 0.00000 0.00000 
0.08590 0.10737 0.00000 0.00000 0.00000 0.00000 0.00000 
0.06872 0.08590 0.00000 0.00000 0.00000 0.00000 0.00000 
0.05498 0.06872 0.00000 0.00000 0.00000 0.00000 0.00000 
0.04398 0.05498 0.00000 0.00000 0.00000 0.00000 0.00000 
0.03518 0.04398 0.00000 0.00000 0.00000 0.00000 0.00000 
0.02815 0.03518 0.00000 0.00000 0.00000 0.00000 0.00000 
0.02252 0.02815 0.00000 0.00000 0.00000 0.00000 0.00000 
0.01801 0.02252 0.00000 0.00000 0.00000 0.00000 0.00000 
0.01441 0.01801 0.00000 0.00000 0.00000 0.00000 0.00000 
0.01153 0.01441 0.00000 0.00000 0.00000 0.00000 0.00000 
0.00922 0.01153 0.00000 0.00000 0.00000 0.00000 0.00000 
0.00000 0.00000 1.00000 0.00000 0.00000 0.00000 0.00000 
0.00000 0.00000 0.80000 0.00000 0.00000 0.00000 0.00000 
0.00000 0.00000 0.64000 0.00000 0.00000 0.00000 0.00000 
0.00000 0.00000 0.51200 0.00000 0.00000 0.00000 0.00000 
0.00000 0.00000 0.40960 0.00000 0.00000 0.00000 0.00000 
0.00000 0.00000 0.32768 0.00000 0.00000 0.00000 0.00000 
0.00000 0.00000 0.26214 0.00000 0.00000 0.00000 0.00000 
0.00000 0.00000 0.20972 0.00000 0.00000 0.00000 0.00000 
0.00000 0.00000 0.16777 0.00000 0.00000 0.00000 0.00000 
0.00000 0.00000 0.13422 0.00000 0.00000 0.00000 0.00000 
0.00000 0.00000 0.10737 0.00000 0.00000 0.00000 0.00000 
0.00000 0.00000 0.08590 0.00000 0.00000 0.00000 0.00000 
0.00000 0.00000 0.06872 0.00000 0.00000 0.00000 0.00000 
0.00000 0.00000 0.05498 0.00000 0.00000 0.00000 0.00000 
0.00000 0.00000 0.04398 0.00000 0.00000 0.00000 0.00000 
0.00000 0.00000 0.03518 0.00000 0.00000 0.00000 0.00000 
0.00000 0.00000 0.02815 0.00000 0.00000 0.00000 0.00000 
0.00000 0.00000 0.02252 0.00000 0.00000 0.00000 0.00000 
0.00000 0.00000 0.01801 0.00000 0.00000 0.00000 0.00000 
0.00000 0.00000 0.01441 0.00000 0.00000 0.00000 0.00000 
0.00000 0.00000 0.01153 0.00000 0.00000 0.00000 0.00000 
1.00000 0.00000 0.00000 0.00000 0.00000 0.00000 0.00000 
0.80000 1.00000 0.00000 0.00000 0.00000 0.00000 0.00000 
0.64000 0.80000 0.00000 0.00000 0.00000 0.00000 0.00000 
0.51200 0.64000 0.00000 0.00000 0.00000 0.00000 0.00000 
0.40960 0.51200 0.00000 0.00000 0.00000 0.00000 0.00000 
0.32768 0.40960 0.00000 0.00000 0.00000 0.00000 0.00000 
0.26214 0.32768 0.00000 0.00000 0.00000 0.00000 0.00000 
0.20972 0.26214 0.00000 0.00000 0.00000 0.00000 0.00000 
0.16777 0.20972 0.00000 0.00000 0.00000 0.00000 0.00000 
0.13422 0.16777 0.00000 0.00000 0.00000 0.00000 0.00000 
0.10737 0.13422 0.00000 0.00000 0.00000 0.00000 0.00000 
0.08590 0.10737 0.00000 0.00000 0.00000 0.00000 0.00000 
0.06872 0.08590 0.00000 0.00000 0.00000 0.00000 0.00000 
0.05498 0.06872 0.00000 0.00000 0.00000 0.00000 0.00000 
0.04398 0.05498 0.00000 0.00000 0.00000 0.00000 0.00000 
0.03518 0.04398 0.00000 0.00000 0.00000 0.00000 0.00000 
0.02815 0.03518 0.00000 0.00000 0.00000 0.00000 0.00000 
0.02252 0.02815 0.00000 0.00000 0.00000 0.00000 0.00000 
0.01801 0.02252 0.00000 0.00000 0.00000 0.00000 0.00000 
0.01441 0.01801 0.00000 0.00000 0.00000 0.00000 0.00000 
0.01153 0.01441 0.00000 0.00000 0.00000 0.00000 0.00000 
0.00922 0.01153 0.00000 0.00000 0.00000 0.00000 0.00000 
0.00000 0.00000 1.00000 0.00000 0.00000 0.00000 0.00000 
0.00000 0.00000 0.80000 0.00000 0.00000 0.00000 0.00000 
0.00000 0.00000 0.64000 0.00000 0.00000 0.00000 0.00000 
0.00000 0.00000 0.51200 0.00000 0.00000 0.00000 0.00000 
0.00000 0.00000 0.40960 0.00000 0.00000 0.00000 0.00000 
0.00000 0.00000 0.32768 0.00000 0.00000 0.00000 0.00000 
0.00000 0.00000 0.26214 0.00000 0.00000 0.00000 0.00000 
0.00000 0.00000 0.20972 0.00000 0.00000 0.00000 0.00000 
0.00000 0.00000 0.16777 0.00000 0.00000 0.00000 0.00000 
0.00000 0.00000 0.13422 0.00000 0.00000 0.00000 0.00000 
0.00000 0.00000 0.10737 0.00000 0.00000 0.00000 0.00000 
0.00000 0.00000 0.08590 0.00000 0.00000 0.00000 0.00000 
0.00000 0.00000 0.06872 0.00000 0.00000 0.00000 0.00000 
0.00000 0.00000 0.05498 0.00000 0.00000 0.00000 0.00000 
0.00000 0.00000 0.04398 0.00000 0.00000 0.00000 0.00000 
0.00000 0.00000 0.03518 0.00000 0.00000 0.00000 0.00000 
0.00000 0.00000 0.02815 0.00000 0.00000 0.00000 0.00000 
0.00000 0.00000 0.02252 0.00000 0.00000 0.00000 0.00000 
0.00000 0.00000 0.01801 0.00000 0.00000 0.00000 0.00000 
0.00000 0.00000 0.01441 0.00000 0.00000 0.00000 0.00000 
0.00000 0.00000 0.01153 0.00000 0.00000 0.00000 0.00000 
1.00000 0.00000 0.00000 0.00000 0.00000 0.00000 0.00000 
0.80000 1.00000 0.00000 0.00000 0.00000 0.00000 0.00000 
0.64000 0.80000 0.00000 0.00000 0.00000 0.00000 0.00000 
0.51200 0.64000 0.00000 0.00000 0.00000 0.00000 0.00000 
0.40960 0.51200 0.00000 0.00000 0.00000 0.00000 0.00000 
0.32768 0.40960 0.00000 0.00000 0.00000 0.00000 0.00000 
0.26214 0.32768 0.00000 0.00000 0.00000 0.00000 0.00000 
0.20972 0.26214 0.00000 0.00000 0.00000 0.00000 0.00000 
0.16777 0.20972 0.00000 0.00000 0.00000 0.00000 0.00000 
0.13422 0.16777 0.00000 0.00000 0.00000 0.00000 0.00000 
0.10737 0.13422 0.00000 0.00000 0.00000 0.00000 0.00000 
0.08590 0.10737 0.00000 0.00000 0.00000 0.00000 0.00000 
0.06872 0.08590 0.00000 0.00000 0.00000 0.00000 0.00000 
0.05498 0.06872 0.00000 0.00000 0.00000 0.00000 0.00000 
0.04398 0.05498 0.00000 0.00000 0.00000 0.00000 0.00000 
0.03518 0.04398 0.00000 0.00000 0.00000 0.00000 0.00000 
0.02815 0.03518 0.00000 0.00000 0.00000 0.00000 0.00000 
0.02252 0.02815 0.00000 0.00000 0.00000 0.00000 0.00000 
0.01801 0.02252 0.00000 0.00000 0.00000 0.00000 0.00000 
0.01441 0.01801 0.00000 0.00000 0.00000 0.00000 0.00000 
0.01153 0.01441 0.00000 0.00000 0.00000 0.00000 0.00000 
0.00922 0.01153 0.00000 0.00000 0.00000 0.00000 0.00000 
0.00000 0.00000 1.00000 0.00000 0.00000 0.00000 0.00000 
0.00000 0.00000 0.80000 0.00000 0.00000 0.00000 0.00000 
0.00000 0.00000 0.64000 0.00000 0.00000 0.00000 0.00000 
0.00000 0.00000 0.51200 0.00000 0.00000 0.00000 0.00000 
0.00000 0.00000 0.40960 0.00000 0.00000 0.00000 0.00000 
0.00000 0.00000 0.32768 0.00000 0.00000 0.00000 0.00000 
0.00000 0.00000 0.26214 0.00000 0.00000 0.00000 0.00000 
0.00000 0.00000 0.20972 0.00000 0.00000 0.00000 0.00000 
0.00000 0.00000 0.16777 0.00000 0.00000 0.00000 0.00000 
0.00000 0.00000 0.13422 0.00000 0.00000 0.00000 0.00000 
0.00000 0.00000 0.10737 0.00000 0.00000 0.00000 0.00000 
0.00000 0.00000 0.08590 0.00000 0.00000 0.00000 0.00000 
0.00000 0.00000 0.06872 0.00000 0.00000 0.00000 0.00000 
0.00000 0.00000 0.05498 0.00000 0.00000 0.00000 0.00000 
0.00000 0.00000 0.04398 0.00000 0.00000 0.00000 0.00000 
0.00000 0.00000 0.03518 0.00000 0.00000 0.00000 0.00000 
0.00000 0.00000 0.02815 0.00000 0.00000 0.00000 0.00000 
0.00000 0.00000 0.02252 0.00000 0.00000 0.00000 0.00000 
0.00000 0.00000 0.01801 0.00000 0.00000 0.00000 0.00000 
0.00000 0.00000 0.01441 0.00000 0.00000 0.00000 0.00000 
0.00000 0.00000 0.01153 0.00000 0.00000 0.00000 0.00000 
0.00000 0.00000 0.00000 1.00000 0.00000 0.00000 0.00000 
0.00000 0.00000 0.00000 0.80000 0.00000 0.00000 0.00000 
0.00000 0.00000 0.00000 0.64000 0.00000 0.00000 0.00000 
0.00000 0.00000 0.00000 0.51200 0.00000 0.00000 0.00000 
0.00000 0.00000 0.00000 0.40960 0.00000 0.00000 0.00000 
0.00000 0.00000 0.00000 0.32768 0.00000 0.00000 0.00000 
0.00000 0.00000 0.00000 0.26214 0.00000 0.00000 0.00000 
0.00000 0.00000 0.00000 0.20972 0.00000 0.00000 0.00000 
0.00000 0.00000 0.00000 0.16777 0.00000 0.00000 0.00000 
0.00000 0.00000 0.00000 0.13422 0.00000 0.00000 0.00000 
0.00000 0.00000 0.00000 0.10737 0.00000 0.00000 0.00000 
0.00000 0.00000 0.00000 0.08590 0.00000 0.00000 0.00000 
0.00000 0.00000 0.00000 0.06872 0.00000 0.00000 0.00000 
0.00000 0.00000 0.00000 0.05498 0.00000 0.00000 0.00000 
0.00000 0.00000 0.00000 0.04398 0.00000 0.00000 0.00000 
0.00000 0.00000 0.00000 0.03518 0.00000 0.00000 0.00000 
0.00000 0.00000 0.00000 0.02815 0.00000 0.00000 0.00000 
0.00000 0.00000 0.00000 0.02252 0.00000 0.00000 0.00000 
0.00000 0.00000 0.00000 0.01801 0.00000 0.00000 0.00000 
0.00000 0.00000 0.00000 0.01441 0.00000 0.00000 0.00000 
0.00000 0.00000 0.00000 0.01153 0.00000 0.00000 0.00000 
0.00000 0.00000 0.00000 0.00000 1.00000 0.00000 0.00000 
0.00000 0.00000 0.00000 0.00000 0.80000 0.00000 0.00000 
0.00000 0.00000 0.00000 0.00000 0.64000 0.00000 0.00000 
0.00000 0.00000 0.00000 0.00000 0.51200 0.00000 0.00000 
0.00000 0.00000 0.00000 0.00000 0.40960 0.00000 0.00000 
0.00000 0.00000 0.00000 0.00000 0.32768 0.00000 0.00000 
0.00000 0.00000 0.00000 0.00000 0.26214 0.00000 0.00000 
0.00000 0.00000 0.00000 0.00000 0.20972 0.00000 0.00000 
0.00000 0.00000 0.00000 0.00000 0.16777 0.00000 0.00000 
0.00000 0.00000 0.00000 0.00000 0.13422 0.00000 0.00000 
0.00000 0.00000 0.00000 0.00000 0.10737 0.00000 0.00000 
0.00000 0.00000 0.00000 0.00000 0.08590 0.00000 0.00000 
0.00000 0.00000 0.00000 0.00000 0.06872 0.00000 0.00000 
0.00000 0.00000 0.00000 0.00000 0.05498 0.00000 0.00000 
0.00000 0.00000 0.00000 0.00000 0.04398 0.00000 0.00000 
0.00000 0.00000 0.00000 0.00000 0.03518 0.00000 0.00000 
0.00000 0.00000 0.00000 0.00000 0.02815 0.00000 0.00000 
0.00000 0.00000 0.00000 0.00000 0.02252 0.00000 0.00000 
0.00000 0.00000 0.00000 0.00000 0.01801 0.00000 0.00000 
0.00000 0.00000 0.00000 0.00000 0.01441 0.00000 0.00000 
0.00000 0.00000 0.00000 0.00000 0.01153 0.00000 0.00000 
0.00000 0.00000 0.00000 0.00000 0.00000 1.00000 0.00000 
0.00000 0.00000 0.00000 0.00000 0.00000 0.80000 0.00000 
0.00000 0.00000 0.00000 0.00000 0.00000 0.64000 0.00000 
0.00000 0.00000 0.00000 0.00000 0.00000 0.51200 0.00000 
0.00000 0.00000 0.00000 0.00000 0.00000 0.40960 0.00000 
0.00000 0.00000 0.00000 0.00000 0.00000 0.32768 0.00000 
0.00000 0.00000 0.00000 0.00000 0.00000 0.26214 0.00000 
0.00000 0.00000 0.00000 0.00000 0.00000 0.20972 0.00000 
0.00000 0.00000 0.00000 0.00000 0.00000 0.16777 0.00000 
0.00000 0.00000 0.00000 0.00000 0.00000 0.13422 0.00000 
0.00000 0.00000 0.00000 0.00000 0.00000 0.10737 0.00000 
0.00000 0.00000 0.00000 0.00000 0.00000 0.08590 0.00000 
0.00000 0.00000 0.00000 0.00000 0.00000 0.06872 0.00000 
0.00000 0.00000 0.00000 0.00000 0.00000 0.05498 0.00000 
0.00000 0.00000 0.00000 0.00000 0.00000 0.04398 0.00000 
0.00000 0.00000 0.00000 0.00000 0.00000 0.03518 0.00000 
0.00000 0.00000 0.00000 0.00000 0.00000 0.02815 0.00000 
0.00000 0.00000 0.00000 0.00000 0.00000 0.02252 0.00000 
0.00000 0.00000 0.00000 0.00000 0.00000 0.01801 0.00000 
0.00000 0.00000 0.00000 0.00000 0.00000 0.01441 0.00000 
0.00000 0.00000 0.00000 0.00000 0.00000 0.01153 0.00000 
0.00000 0.00000 0.00000 0.00000 0.00000 0.00000 1.00000 
0.00000 0.00000 0.00000 0.00000 0.00000 0.00000 0.80000 
0.00000 0.00000 0.00000 0.00000 0.00000 0.00000 0.64000 
0.00000 0.00000 0.00000 0.00000 0.00000 0.00000 0.51200 
0.00000 0.00000 0.00000 0.00000 0.00000 0.00000 0.40960 
0.00000 0.00000 0.00000 0.00000 0.00000 0.00000 0.32768 
0.00000 0.00000 0.00000 0.00000 0.00000 0.00000 0.26214 
0.00000 0.00000 0.00000 0.00000 0.00000 0.00000 0.20972 
0.00000 0.00000 0.00000 0.00000 0.00000 0.00000 0.16777 
0.00000 0.00000 0.00000 0.00000 0.00000 0.00000 0.13422 
0.00000 0.00000 0.00000 0.00000 0.00000 0.00000 0.10737 
0.00000 0.00000 0.00000 0.00000 0.00000 0.00000 0.08590 
0.00000 0.00000 0.00000 0.00000 0.00000 0.00000 0.06872 
0.00000 0.00000 0.00000 0.00000 0.00000 0.00000 0.05498 
0.00000 0.00000 0.00000 0.00000 0.00000 0.00000 0.04398 
0.00000 0.00000 0.00000 0.00000 0.00000 0.00000 0.03518 
0.00000 0.00000 0.00000 0.00000 0.00000 0.00000 0.02815 
0.00000 0.00000 0.00000 0.00000 0.00000 0.00000 0.02252 
0.00000 0.00000 0.00000 0.00000 0.00000 0.00000 0.01801 
0.00000 0.00000 0.00000 0.00000 0.00000 0.00000 0.01441 
0.00000 0.00000 0.00000 0.00000 0.00000 0.00000 0.01153 
1.00000 0.00000 0.00000 0.00000 0.00000 0.00000 0.00000 
