1 0 0 0 0 0 0 0.00000 0.00000 0.01251 -0.81838 0.75874 0.75874 0.77937 0.77937 0.00000 0.00000 1
1 0 0 0 0 0 0 -0.50000 -0.50000 0.00259 0.00201 0.76604 0.76603 0.78549 0.78548 0.64011 0.00000 1
1 0 0 0 0 0 0 -0.50000 -0.50000 0.02594 -0.63495 0.76604 0.76603 0.78549 0.78548 0.64006 0.00000 1
1 0 0 0 0 0 0 -0.50000 -0.50000 0.04916 -0.67437 0.76039 0.75370 0.78114 0.77539 0.65095 0.00000 1
1 0 0 0 0 0 0 0.00000 0.00000 0.01251 0.68162 0.75874 0.75874 0.77937 0.77937 0.00000 0.00000 1
1 0 0 0 0 0 0 -0.50000 -0.50000 0.00226 -0.00251 0.76612 0.76615 0.78556 0.78558 0.68968 0.00000 1
1 0 0 0 0 0 0 -0.50000 -0.50000 0.05339 0.88780 0.76772 0.76708 0.78687 0.78631 0.67921 0.00000 1
1 0 0 0 0 0 0 0.00000 0.00000 0.01251 0.68162 0.75874 0.75874 0.77937 0.77937 0.00000 0.00000 1
1 0 0 0 0 0 0 -0.50000 -0.50000 0.05111 0.88965 0.76612 0.76615 0.78556 0.78558 0.68968 0.00000 1
1 0 0 0 0 0 0 0.00000 0.00000 0.01251 -0.31838 0.75874 0.75874 0.77937 0.77937 0.00000 0.00000 1
1 0 0 0 0 0 0 0.00000 0.00000 0.01251 -0.31838 0.75874 0.75874 0.77937 0.77937 0.00000 0.00000 1
1 0 0 0 0 0 0 0.00000 0.00000 0.01251 -0.81838 0.75874 0.75874 0.77937 0.77937 0.00000 0.00000 1
1 0 0 0 0 0 0 -0.50000 -0.50000 0.00259 0.00201 0.76604 0.76603 0.78549 0.78548 0.64011 0.00000 1
1 0 0 0 0 0 0 -0.50000 -0.50000 0.02594 -0.63495 0.76604 0.76603 0.78549 0.78548 0.64006 0.00000 1
1 0 0 0 0 0 0 -0.50000 -0.50000 0.04916 -0.67437 0.76039 0.75370 0.78114 0.77539 0.65095 0.00000 1
1 0 0 0 0 0 0 0.00000 0.00000 0.01251 -0.81838 0.75874 0.75874 0.77937 0.77937 0.00000 0.00000 1
1 0 0 0 0 0 0 -0.50000 -0.50000 0.00259 0.00201 0.76604 0.76603 0.78549 0.78548 0.64011 0.00000 1
1 0 0 0 0 0 0 -0.50000 -0.50000 0.02650 0.87984 0.76604 0.76603 0.78549 0.78548 0.64006 0.00000 1
1 0 0 0 0 0 0 0.00000 0.00000 0.01251 -0.31838 0.75874 0.75874 0.77937 0.77937 0.00000 0.00000 1
1 0 0 0 0 0 0 0.00000 0.00000 0.01251 -0.31838 0.75874 0.75874 0.77937 0.77937 0.00000 0.00000 1
