0.50000 0.50000 0.00119 0.00156 0.00000 0.00000 0.78199 0.78199 0.00000 0.00000 0
0.50000 0.50000 0.00120 0.00156 0.00000 0.00000 0.78118 0.78118 0.00000 0.00000 0
0.50000 0.50000 0.00121 0.00156 0.00000 0.00000 0.77961 0.77961 0.00000 0.00000 0
0.50000 0.50000 0.00121 0.00157 0.00000 0.00000 0.77740 0.77740 0.00000 0.00000 0
0.50000 0.50000 0.00122 0.00158 0.00000 0.00000 0.77469 0.77469 0.00000 0.00000 0
0.50000 0.50000 0.00122 0.00159 0.00000 0.00000 0.77165 0.77165 0.00000 0.00000 0
0.50000 0.50000 0.00122 0.00161 0.00000 0.00000 0.76845 0.76845 0.00000 0.00000 0
0.50000 0.50000 0.00120 0.00165 0.00000 0.00000 0.76524 0.76524 0.00000 0.00000 0
0.50000 0.50000 0.00119 0.00168 0.00000 0.00000 0.76220 0.76220 0.00000 0.00000 0
0.50000 0.50000 0.00118 0.00172 0.00000 0.00000 0.75948 0.75948 0.00000 0.00000 0
0.50000 0.50000 0.00116 0.00175 0.00000 0.00000 0.75722 0.75721 0.00000 0.00000 0
0.50000 0.50000 0.00115 0.00179 0.00000 0.00000 0.75559 0.75558 0.00000 0.00000 0
0.50000 0.50000 0.00114 0.00182 0.00000 0.00000 0.75473 0.75472 0.00000 0.00000 0
0.50000 0.50000 0.00113 0.00185 0.00000 0.00000 0.75461 0.75460 0.00000 0.00000 0
0.50000 0.50000 0.00111 0.00188 0.00000 0.00000 0.75510 0.75509 0.00000 0.00000 0
0.50000 0.50000 0.00110 0.00192 0.00000 0.00000 0.03880 0.03874 0.00000 0.00000 0
0.50000 0.50000 0.00108 0.00196 0.00000 0.00000 0.04092 0.04086 0.00000 0.00000 0
0.50000 0.50000 0.00107 0.00200 0.00000 0.00000 0.04330 0.04325 0.00000 0.00000 0
0.50000 0.50000 0.00105 0.00205 0.00000 0.00000 0.04589 0.04586 0.00000 0.00000 0
0.50000 0.50000 0.00104 0.00209 0.00000 0.00000 0.04879 0.04877 0.00000 0.00000 0
0.50000 0.50000 0.00102 0.00213 0.00000 0.00000 0.05195 0.05195 0.00000 0.00000 0
0.50000 0.50000 0.00101 0.00217 0.00000 0.00000 0.05531 0.05532 0.00000 0.00000 0
0.50000 0.50000 0.00099 0.00221 0.00000 0.00000 0.05878 0.05880 0.00000 0.00000 0
0.50000 0.50000 0.00098 0.00226 0.80317 0.79638 0.06241 0.06244 0.00000 0.00000 0
0.50000 0.50000 0.00096 0.00231 0.81639 0.80898 0.06615 0.06619 0.00000 0.00000 0
0.50000 0.50000 0.00095 0.00236 0.83019 0.82234 0.06994 0.06997 0.00000 0.00000 0
0.50000 0.50000 0.00093 0.00242 0.83387 0.83453 0.07368 0.07371 0.00000 0.00000 0
0.50000 0.50000 0.00092 0.00248 0.82971 0.83038 0.07729 0.07733 0.00000 0.00000 0
0.50000 0.50000 0.00090 0.00255 0.82452 0.82519 0.81890 0.80277 0.00000 0.00000 0
0.50000 0.50000 0.00089 0.00262 0.81834 0.81899 0.83717 0.82653 0.00000 0.00000 0
0.50000 0.50000 0.00087 0.00269 0.81122 0.81183 0.83012 0.83064 0.00000 0.00000 0
0.50000 0.50000 0.00086 0.00277 0.80321 0.80376 0.82220 0.82268 0.00000 0.00000 0
0.50000 0.50000 0.00084 0.00285 0.00960 0.79483 0.81345 0.81386 0.00000 0.00000 0
0.50000 0.50000 0.00083 0.00293 0.01201 0.01203 0.80392 0.80424 0.00000 0.00000 0
0.50000 0.50000 0.00081 0.00302 0.01379 0.01380 0.09393 0.79387 0.00000 0.00000 0
0.50000 0.50000 0.00080 0.00311 0.01494 0.01494 0.09470 0.09471 0.00000 0.00000 0
0.50000 0.50000 0.00078 0.00320 0.01548 0.01548 0.09507 0.09507 0.00000 0.00000 0
0.50000 0.50000 0.00077 0.00329 0.01546 0.01546 0.09506 0.09506 0.00000 0.00000 0
0.50000 0.50000 0.00075 0.00338 0.01492 0.01491 0.09471 0.09470 0.00000 0.00000 0
0.50000 0.50000 0.00073 0.00347 0.01392 0.01391 0.09404 0.09403 0.00000 0.00000 0
0.50000 0.50000 0.00072 0.00357 0.01253 0.01251 0.09311 0.09309 0.00000 0.00000 0
0.50000 0.50000 0.00070 0.00366 0.01080 0.01079 0.09195 0.09194 0.00000 0.00000 0
0.50000 0.50000 0.00069 0.00376 0.00882 0.00880 0.09062 0.09061 0.00000 0.00000 0
0.50000 0.50000 0.00067 0.00386 0.00665 0.00664 0.08918 0.08917 0.00000 0.00000 0
0.50000 0.50000 0.00066 0.00396 0.00438 0.00437 0.08766 0.08765 0.00000 0.00000 0
0.50000 0.50000 0.00065 0.00407 0.00207 0.00206 0.08611 0.08611 0.00000 0.00000 0
0.50000 0.50000 0.00063 0.00417 0.00000 0.00000 0.08459 0.08458 0.00000 0.00000 0
0.50000 0.50000 0.00062 0.00428 0.00000 0.00000 0.08313 0.08312 0.00000 0.00000 0
0.50000 0.50000 0.00061 0.00438 0.00000 0.00000 0.08177 0.08176 0.00000 0.00000 0
0.50000 0.50000 0.00060 0.00448 0.00000 0.00000 0.08054 0.08053 0.00000 0.00000 0
0.50000 0.50000 0.00058 0.00461 0.00000 0.00000 0.07946 0.07946 0.00000 0.00000 0
0.50000 0.50000 0.00057 0.00472 0.00000 0.00000 0.07819 0.07873 0.00000 0.00000 0
0.50000 0.50000 0.00056 0.00481 0.00000 0.00000 0.07707 0.07804 0.00000 0.00000 0
0.50000 0.50000 0.00055 0.00488 0.00000 0.00000 0.07639 0.07751 0.00000 0.00000 0
0.50000 0.50000 0.00054 0.00494 0.00000 0.00000 0.07643 0.07742 0.00000 0.00000 0
0.50000 0.50000 0.00053 0.00501 0.00000 0.00000 0.07735 0.07809 0.00000 0.00000 0
0.50000 0.50000 0.00052 0.00507 0.00000 0.00000 0.07942 0.07988 0.00000 0.00000 0
0.50000 0.50000 0.00052 0.00513 0.00000 0.00000 0.08252 0.08273 0.00000 0.00000 0
0.50000 0.50000 0.00051 0.00519 0.00154 0.00153 0.08638 0.08637 0.00000 0.00000 0
0.50000 0.50000 0.00050 0.00525 0.00766 0.00742 0.09072 0.09052 0.00000 0.00000 0
0.50000 0.50000 0.00049 0.00531 0.01410 0.01369 0.09528 0.09493 0.00000 0.00000 0
0.50000 0.50000 0.00048 0.00538 0.02052 0.02000 0.09983 0.09937 0.00000 0.00000 0
0.50000 0.50000 0.00047 0.00545 0.02665 0.02605 0.10414 0.10363 0.00000 0.00000 0
0.50000 0.50000 0.00047 0.00553 0.03224 0.03161 0.10807 0.10752 0.00000 0.00000 0
0.50000 0.50000 0.00046 0.00562 0.03711 0.03648 0.11146 0.79000 0.00000 0.00000 0
0.50000 0.50000 0.00045 0.00571 0.04111 0.04051 0.11422 0.79163 0.00000 0.00000 0
0.50000 0.50000 0.00044 0.00580 0.04416 0.04361 0.11630 0.79284 0.00000 0.00000 0
0.50000 0.50000 0.00043 0.00590 0.04622 0.04573 0.11767 0.79361 0.00000 0.00000 0
0.50000 0.50000 0.00043 0.00601 0.04731 0.04688 0.11833 0.79396 0.00000 0.00000 0
0.50000 0.50000 0.00042 0.00612 0.04745 0.04708 0.11832 0.79390 0.00000 0.00000 0
0.50000 0.50000 0.00041 0.00624 0.04674 0.04642 0.11770 0.79347 0.00000 0.00000 0
0.50000 0.50000 0.00040 0.00636 0.04527 0.04500 0.11656 0.79273 0.00000 0.00000 0
0.50000 0.50000 0.00040 0.00648 0.04317 0.04294 0.11499 0.79174 0.00000 0.00000 0
0.50000 0.50000 0.00039 0.00661 0.04059 0.04038 0.11309 0.79056 0.00000 0.00000 0
0.50000 0.50000 0.00038 0.00674 0.03768 0.03749 0.11099 0.78927 0.00000 0.00000 0
0.50000 0.50000 0.00037 0.00687 0.03458 0.03441 0.10878 0.10863 0.00000 0.00000 0
0.50000 0.50000 0.00037 0.00701 0.03146 0.03130 0.10658 0.10643 0.00000 0.00000 0
0.50000 0.50000 0.00036 0.00715 0.02845 0.02828 0.10447 0.10433 0.00000 0.00000 0
0.50000 0.50000 0.00035 0.00729 0.02566 0.02549 0.10255 0.10241 0.00000 0.00000 0
0.50000 0.50000 0.00034 0.00743 0.02319 0.02303 0.10088 0.10074 0.00000 0.00000 0
0.50000 0.50000 0.00034 0.00758 0.02113 0.02096 0.09951 0.09937 0.00000 0.00000 0
0.50000 0.50000 0.00033 0.00772 0.01951 0.01934 0.09847 0.09832 0.00000 0.00000 0
0.50000 0.50000 0.00032 0.00787 0.02792 0.02270 0.09776 0.09761 0.00000 0.00000 0
0.50000 0.50000 0.00031 0.00802 0.04107 0.03595 0.09737 0.09722 0.00000 0.00000 0
0.50000 0.50000 0.00031 0.00817 0.05378 0.04876 0.09730 0.09714 0.00000 0.00000 0
0.50000 0.50000 0.00030 0.00832 0.06610 0.06116 0.09748 0.09732 0.00000 0.00000 0
0.50000 0.50000 0.00029 0.00848 0.07808 0.07323 0.09789 0.09773 0.00000 0.00000 0
0.50000 0.50000 0.00029 0.00863 0.08979 0.08502 0.09847 0.09830 0.00000 0.00000 0
0.50000 0.50000 0.00028 0.00880 0.10130 0.09661 0.09916 0.09898 0.00000 0.00000 0
0.50000 0.50000 0.00028 0.00896 0.11269 0.10807 0.09990 0.09972 0.00000 0.00000 0
0.50000 0.50000 0.00027 0.00914 0.12402 0.11947 0.10066 0.10046 0.00000 0.00000 0
0.50000 0.50000 0.00026 0.00932 0.13535 0.13087 0.10137 0.10117 0.00000 0.00000 0
0.50000 0.50000 0.00026 0.00951 0.14673 0.14233 0.10201 0.10180 0.00000 0.00000 0
0.50000 0.50000 0.00025 0.00971 0.15822 0.15389 0.10255 0.10233 0.00000 0.00000 0
0.50000 0.50000 0.00025 0.00991 0.16984 0.16559 0.10296 0.10274 0.00000 0.00000 0
0.50000 0.50000 0.00024 0.01013 0.18162 0.17744 0.10325 0.10302 0.00000 0.00000 0
0.50000 0.50000 0.00023 0.01036 0.19375 0.18963 0.10333 0.10308 0.00000 0.00000 0
0.50000 0.50000 0.00023 0.01061 0.20650 0.20243 0.10308 0.10277 0.00000 0.00000 0
0.50000 0.50000 0.00022 0.01088 0.22011 0.21610 0.10237 0.10197 0.00000 0.00000 0
0.50000 0.50000 0.00021 0.01119 0.23474 0.23079 0.10108 0.10057 0.00000 0.00000 0
0.50000 0.50000 0.00021 0.01169 0.25046 0.24657 0.09911 0.09848 0.00000 0.00000 0
0.50000 0.50000 0.00020 0.01209 0.26707 0.26345 0.09564 0.09647 0.00000 0.00000 0
0.50000 0.50000 0.00020 0.01235 0.28398 0.28057 0.09189 0.09410 0.00000 0.00000 0
0.50000 0.50000 0.00020 0.01266 0.30083 0.29757 0.08816 0.09149 0.00000 0.00000 0
0.50000 0.50000 0.00019 0.01333 0.31727 0.31399 0.08505 0.08862 0.00000 0.00000 0
0.50000 0.50000 0.00018 0.01395 0.33278 0.32956 0.08265 0.08603 0.00000 0.00000 0
0.50000 0.50000 0.00017 0.01448 0.34753 0.34438 0.08100 0.08369 0.00000 0.00000 0
0.50000 0.50000 0.00016 0.01495 0.36147 0.35837 0.08009 0.08178 0.00000 0.00000 0
0.50000 0.50000 0.00015 0.01538 0.37459 0.37153 0.07992 0.08042 0.00000 0.00000 0
0.50000 0.50000 0.00015 0.01582 0.38690 0.38388 0.08040 0.07971 0.00000 0.00000 0
0.50000 0.50000 0.00014 0.01629 0.39848 0.39549 0.08144 0.07966 0.00000 0.00000 0
0.50000 0.50000 0.00014 0.01680 0.40942 0.40647 0.09733 0.09052 0.00000 0.00000 0
0.50000 0.50000 0.00014 0.01739 0.41984 0.41693 0.11183 0.10509 0.00000 0.00000 0
0.50000 0.50000 0.00013 0.01804 0.42988 0.42700 0.12530 0.11862 0.00000 0.00000 0
0.50000 0.50000 0.00013 0.01885 0.43967 0.43682 0.13811 0.13147 0.00000 0.00000 0
0.50000 0.50000 0.00012 0.01975 0.44936 0.44655 0.15062 0.14404 0.00000 0.00000 0
0.50000 0.50000 0.00012 0.02072 0.45908 0.45631 0.16321 0.15668 0.00000 0.00000 0
0.50000 0.50000 0.00012 0.02176 0.46897 0.46623 0.17622 0.16973 0.00000 0.00000 0
0.50000 0.50000 0.00011 0.02288 0.47913 0.47642 0.18993 0.18349 0.00000 0.00000 0
0.50000 0.50000 0.00011 0.02408 0.48963 0.48695 0.20457 0.19819 0.00000 0.00000 0
0.50000 0.50000 0.00010 0.02536 0.50052 0.49788 0.22028 0.21396 0.00000 0.00000 0
0.50000 0.50000 0.00010 0.02675 0.51183 0.50922 0.23710 0.23087 0.00000 0.00000 0
0.50000 0.50000 0.00009 0.02826 0.52353 0.52096 0.25502 0.24889 0.00000 0.00000 0
0.50000 0.50000 0.00009 0.02992 0.53559 0.53307 0.27393 0.26791 0.00000 0.00000 0
0.50000 0.50000 0.00008 0.03176 0.54795 0.54548 0.29365 0.28777 0.00000 0.00000 0
0.50000 0.50000 0.00008 0.03384 0.56053 0.55812 0.31400 0.30826 0.00000 0.00000 0
0.50000 0.50000 0.00007 0.03619 0.57325 0.57090 0.33474 0.32916 0.00000 0.00000 0
0.50000 0.50000 0.00007 0.03889 0.58604 0.58375 0.35566 0.35025 0.00000 0.00000 0
0.50000 0.50000 0.00006 0.04199 0.59882 0.59658 0.37656 0.37131 0.00000 0.00000 0
0.50000 0.50000 0.00006 0.04558 0.61152 0.60935 0.39726 0.39217 0.00000 0.00000 0
0.50000 0.50000 0.00005 0.04975 0.62411 0.62200 0.41764 0.41271 0.00000 0.00000 0
0.50000 0.50000 0.00005 0.05465 0.63655 0.63449 0.43761 0.43284 0.00000 0.00000 0
0.50000 0.50000 0.00004 0.06041 0.64881 0.64681 0.45712 0.45249 0.00000 0.00000 0
0.50000 0.50000 0.00004 0.06726 0.66091 0.65896 0.47616 0.47167 0.00000 0.00000 0
0.50000 0.50000 0.00004 0.07548 0.67284 0.67095 0.49474 0.49039 0.00000 0.00000 0
0.50000 0.50000 0.00003 0.08551 0.68462 0.68278 0.51292 0.50870 0.00000 0.00000 0
0.50000 0.50000 0.00003 0.09796 0.69628 0.69449 0.53077 0.52667 0.00000 0.00000 0
0.50000 0.50000 0.00003 0.11380 0.70784 0.70611 0.54836 0.54438 0.00000 0.00000 0
0.50000 0.50000 0.00002 0.13459 0.71935 0.71767 0.56578 0.56192 0.00000 0.00000 0
0.50000 0.50000 0.00002 0.16338 0.73083 0.72920 0.58312 0.57937 0.00000 0.00000 0
0.50000 0.50000 0.00002 0.20468 0.74231 0.74073 0.60045 0.59682 0.00000 0.00000 0
0.50000 0.50000 0.00001 0.26632 0.75382 0.75229 0.61786 0.61435 0.00000 0.00000 0
0.50000 0.50000 0.00001 0.35878 0.76538 0.76390 0.63540 0.63201 0.00000 0.00000 0
0.50000 0.50000 0.00001 0.48356 0.77265 0.77233 0.65311 0.64984 0.00000 0.00000 0
0.50000 0.50000 0.00001 0.61277 0.77284 0.77251 0.67101 0.66788 0.00000 0.00000 0
0.50000 0.50000 0.00001 0.71296 0.77292 0.77258 0.68913 0.68612 0.00000 0.00000 0
0.50000 0.50000 0.00002 0.78033 0.77290 0.77254 0.70743 0.70456 0.00000 0.00000 0
0.50000 0.50000 0.00002 0.82499 0.77278 0.77242 0.72591 0.72318 0.00000 0.00000 0
0.50000 0.50000 0.00002 0.85563 0.77258 0.77222 0.74452 0.74194 0.00000 0.00000 0
0.50000 0.50000 0.00003 0.87753 0.77232 0.77197 0.76323 0.76080 0.00000 0.00000 0
0.50000 0.50000 0.00003 0.89380 0.77204 0.77169 0.78200 0.77972 0.00000 0.00000 0
0.50000 0.50000 0.00003 0.90627 0.77175 0.77140 0.79108 0.79078 0.00000 0.00000 0
0.50000 0.50000 0.00004 0.91608 0.77147 0.77114 0.79087 0.79058 0.00000 0.00000 0
0.50000 0.50000 0.00004 0.92396 0.77124 0.77091 0.79070 0.79042 0.00000 0.00000 0
0.50000 0.50000 0.00005 0.93041 0.77107 0.77074 0.79059 0.79031 0.00000 0.00000 0
0.50000 0.50000 0.00005 0.93577 0.77098 0.77065 0.79054 0.79026 0.00000 0.00000 0
0.50000 0.50000 0.00006 0.94029 0.77097 0.77063 0.79056 0.79027 0.00000 0.00000 0
0.50000 0.50000 0.00006 0.94413 0.77105 0.77070 0.79065 0.79036 0.00000 0.00000 0
0.50000 0.50000 0.00007 0.94745 0.77121 0.77085 0.79081 0.79051 0.00000 0.00000 0
0.50000 0.50000 0.00007 0.95033 0.77145 0.77108 0.79104 0.79071 0.00000 0.00000 0
0.50000 0.50000 0.00008 0.95286 0.77177 0.77137 0.79131 0.79097 0.00000 0.00000 0
0.50000 0.50000 0.00008 0.95510 0.77213 0.77172 0.79162 0.79126 0.00000 0.00000 0
0.50000 0.50000 0.00009 0.95710 0.77252 0.77210 0.79195 0.79158 0.00000 0.00000 0
0.50000 0.50000 0.00009 0.95890 0.77294 0.77250 0.79229 0.79191 0.00000 0.00000 0
0.50000 0.50000 0.00010 0.96053 0.77335 0.77289 0.79262 0.79223 0.00000 0.00000 0
0.50000 0.50000 0.00010 0.96201 0.77373 0.77328 0.79293 0.79254 0.00000 0.00000 0
0.50000 0.50000 0.00011 0.96338 0.77408 0.77362 0.79321 0.79282 0.00000 0.00000 0
0.50000 0.50000 0.00011 0.96464 0.77439 0.77393 0.79345 0.79306 0.00000 0.00000 0
0.50000 0.50000 0.00012 0.96581 0.77464 0.77419 0.79365 0.79325 0.00000 0.00000 0
0.50000 0.50000 0.00013 0.96691 0.77483 0.77438 0.79379 0.79340 0.00000 0.00000 0
0.50000 0.50000 0.00013 0.96793 0.77496 0.77452 0.79389 0.79351 0.00000 0.00000 0
0.50000 0.50000 0.00014 0.96889 0.77504 0.77461 0.79395 0.79357 0.00000 0.00000 0
0.50000 0.50000 0.00014 0.96979 0.77507 0.77465 0.79397 0.79360 0.00000 0.00000 0
0.50000 0.50000 0.00015 0.97063 0.77507 0.77465 0.79396 0.79360 0.00000 0.00000 0
0.50000 0.50000 0.00016 0.97143 0.77504 0.77462 0.79394 0.79358 0.00000 0.00000 0
0.50000 0.50000 0.00017 0.97229 0.77500 0.77458 0.79391 0.79355 0.00000 0.00000 0
0.50000 0.50000 0.00017 0.97314 0.77340 0.77297 0.79260 0.79223 0.00000 0.00000 0
0.50000 0.50000 0.00018 0.97393 0.77080 0.77037 0.79045 0.79008 0.00000 0.00000 0
0.50000 0.50000 0.00019 0.97466 0.76758 0.76716 0.78779 0.78743 0.00000 0.00000 0
0.50000 0.50000 0.00020 0.97533 0.76399 0.76360 0.78481 0.78448 0.00000 0.00000 0
0.50000 0.50000 0.00021 0.97595 0.76024 0.75988 0.78170 0.78139 0.00000 0.00000 0
0.50000 0.50000 0.00022 0.97651 0.75661 0.75629 0.77868 0.77840 0.00000 0.00000 0
0.50000 0.50000 0.00023 0.97703 0.75314 0.75285 0.77579 0.77555 0.00000 0.00000 0
0.50000 0.50000 0.00023 0.97752 0.74986 0.74960 0.77307 0.77286 0.00000 0.00000 0
0.50000 0.50000 0.00024 0.97798 0.74688 0.74666 0.77061 0.77042 0.00000 0.00000 0
0.50000 0.50000 0.00025 0.97841 0.74433 0.74414 0.76851 0.76834 0.00000 0.00000 0
0.50000 0.50000 0.00026 0.97881 0.74226 0.74210 0.76682 0.76668 0.00000 0.00000 0
0.50000 0.50000 0.00027 0.97920 0.74072 0.74058 0.76557 0.76545 0.00000 0.00000 0
0.50000 0.50000 0.00028 0.97956 0.73972 0.73959 0.76478 0.76467 0.00000 0.00000 0
0.50000 0.50000 0.00029 0.97990 0.73926 0.73914 0.76443 0.76433 0.00000 0.00000 0
0.50000 0.50000 0.00029 0.98023 0.73931 0.73919 0.76452 0.76442 0.00000 0.00000 0
0.50000 0.50000 0.00030 0.98053 0.73983 0.73971 0.76499 0.76489 0.00000 0.00000 0
0.50000 0.50000 0.00031 0.98082 0.74077 0.74064 0.76579 0.76568 0.00000 0.00000 0
0.50000 0.50000 0.00032 0.98110 0.74204 0.74190 0.76687 0.76675 0.00000 0.00000 0
0.50000 0.50000 0.00033 0.98137 0.74358 0.74342 0.76816 0.76803 0.00000 0.00000 0
0.50000 0.50000 0.00034 0.98162 0.74530 0.74512 0.76959 0.76944 0.00000 0.00000 0
0.50000 0.50000 0.00034 0.98186 0.74712 0.74693 0.77109 0.77093 0.00000 0.00000 0
0.50000 0.50000 0.00035 0.98209 0.74897 0.74876 0.77260 0.77243 0.00000 0.00000 0
0.50000 0.50000 0.00036 0.98231 0.75077 0.75055 0.77407 0.77388 0.00000 0.00000 0
0.50000 0.50000 0.00037 0.98253 0.75246 0.75224 0.77543 0.77524 0.00000 0.00000 0
0.50000 0.50000 0.00038 0.98274 0.75400 0.75377 0.77666 0.77646 0.00000 0.00000 0
0.50000 0.50000 0.00039 0.98295 0.75534 0.75511 0.77772 0.77752 0.00000 0.00000 0
0.50000 0.50000 0.00040 0.98315 0.75646 0.75622 0.77859 0.77839 0.00000 0.00000 0
0.50000 0.50000 0.00041 0.98335 0.75733 0.75711 0.77926 0.77906 0.00000 0.00000 0
0.50000 0.50000 0.00042 0.98355 0.75796 0.75774 0.77972 0.77954 0.00000 0.00000 0
0.50000 0.50000 0.00043 0.98375 0.75834 0.75814 0.77999 0.77982 0.00000 0.00000 0
0.50000 0.50000 0.00044 0.98395 0.75850 0.75831 0.78007 0.77991 0.00000 0.00000 0
0.50000 0.50000 0.00046 0.98415 0.75844 0.75827 0.77999 0.77984 0.00000 0.00000 0
0.50000 0.50000 0.00047 0.98434 0.75820 0.75804 0.77976 0.77963 0.00000 0.00000 0
0.50000 0.50000 0.00048 0.98454 0.75779 0.75765 0.77941 0.77929 0.00000 0.00000 0
0.50000 0.50000 0.00049 0.98473 0.75725 0.75712 0.77896 0.77885 0.00000 0.00000 0
0.50000 0.50000 0.00050 0.98492 0.75661 0.75649 0.77844 0.77834 0.00000 0.00000 0
0.50000 0.50000 0.00051 0.98510 0.75590 0.75578 0.77787 0.77777 0.00000 0.00000 0
0.50000 0.50000 0.00053 0.98529 0.75514 0.75502 0.77727 0.77718 0.00000 0.00000 0
0.50000 0.50000 0.00054 0.98547 0.75436 0.75424 0.77667 0.77657 0.00000 0.00000 0
0.50000 0.50000 0.00055 0.98564 0.75358 0.75346 0.77607 0.77597 0.00000 0.00000 0
0.50000 0.50000 0.00056 0.98582 0.75282 0.75270 0.77550 0.77539 0.00000 0.00000 0
0.50000 0.50000 0.00058 0.98599 0.75211 0.75197 0.77496 0.77485 0.00000 0.00000 0
0.50000 0.50000 0.00059 0.98617 0.75144 0.75129 0.77447 0.77434 0.00000 0.00000 0
0.50000 0.50000 0.00060 0.98632 0.75083 0.75065 0.77402 0.77386 0.00000 0.00000 0
0.50000 0.50000 0.00062 0.98646 0.75020 0.74997 0.77356 0.77336 0.00000 0.00000 0
0.50000 0.50000 0.00063 0.98658 0.74960 0.74934 0.77309 0.77287 0.00000 0.00000 0
0.50000 0.50000 0.00064 0.98670 0.74907 0.74881 0.77265 0.77242 0.00000 0.00000 0
0.50000 0.50000 0.00065 0.98680 0.74874 0.74848 0.77234 0.77212 0.00000 0.00000 0
0.50000 0.50000 0.00066 0.98690 0.74870 0.74847 0.77225 0.77205 0.00000 0.00000 0
0.50000 0.50000 0.00067 0.98699 0.74901 0.74882 0.77240 0.77224 0.00000 0.00000 0
0.50000 0.50000 0.00068 0.98707 0.74965 0.74951 0.77280 0.77268 0.00000 0.00000 0
0.50000 0.50000 0.00069 0.98716 0.75054 0.75045 0.77338 0.77331 0.00000 0.00000 0
0.50000 0.50000 0.00071 0.98724 0.75160 0.75155 0.77410 0.77406 0.00000 0.00000 0
0.50000 0.50000 0.00072 0.98733 0.75273 0.75273 0.77488 0.77488 0.00000 0.00000 0
0.50000 0.50000 0.00073 0.98742 0.75393 0.75396 0.77574 0.77576 0.00000 0.00000 0
0.50000 0.50000 0.00074 0.98751 0.75519 0.75525 0.77665 0.77670 0.00000 0.00000 0
0.50000 0.50000 0.00075 0.98761 0.75649 0.75657 0.77762 0.77769 0.00000 0.00000 0
0.50000 0.50000 0.00077 0.98771 0.75782 0.75791 0.77864 0.77873 0.00000 0.00000 0
0.50000 0.50000 0.00078 0.98781 0.75916 0.75926 0.77969 0.77978 0.00000 0.00000 0
0.50000 0.50000 0.00079 0.98791 0.76048 0.76059 0.78075 0.78084 0.00000 0.00000 0
0.50000 0.50000 0.00080 0.98801 0.76177 0.76187 0.78180 0.78189 0.00000 0.00000 0
0.50000 0.50000 0.00082 0.98812 0.76300 0.76309 0.78282 0.78290 0.00000 0.00000 0
0.50000 0.50000 0.00083 0.98822 0.76414 0.76422 0.78377 0.78385 0.00000 0.00000 0
0.50000 0.50000 0.00085 0.98832 0.76516 0.76522 0.78464 0.78470 0.00000 0.00000 0
0.50000 0.50000 0.00086 0.98843 0.76603 0.76609 0.78540 0.78545 0.00000 0.00000 0
0.50000 0.50000 0.00087 0.98853 0.76675 0.76679 0.78603 0.78606 0.00000 0.00000 0
0.50000 0.50000 0.00089 0.98863 0.76728 0.76731 0.78651 0.78653 0.00000 0.00000 0
0.50000 0.50000 0.00090 0.98874 0.76763 0.76764 0.78683 0.78684 0.00000 0.00000 0
0.50000 0.50000 0.00092 0.98884 0.76777 0.76777 0.78698 0.78698 0.00000 0.00000 0
0.50000 0.50000 0.00093 0.98894 0.76772 0.76771 0.78697 0.78696 0.00000 0.00000 0
0.50000 0.50000 0.00095 0.98903 0.76747 0.76745 0.78679 0.78677 0.00000 0.00000 0
0.50000 0.50000 0.00096 0.98913 0.76705 0.76703 0.78646 0.78643 0.00000 0.00000 0
0.50000 0.50000 0.00098 0.98923 0.76648 0.76645 0.78599 0.78597 0.00000 0.00000 0
0.50000 0.50000 0.00099 0.98932 0.76577 0.76574 0.78541 0.78538 0.00000 0.00000 0
0.50000 0.50000 0.00101 0.98941 0.76496 0.76493 0.78474 0.78472 0.00000 0.00000 0
0.50000 0.50000 0.00102 0.98950 0.76407 0.76404 0.78401 0.78399 0.00000 0.00000 0
0.50000 0.50000 0.00104 0.98959 0.76315 0.76312 0.78325 0.78322 0.00000 0.00000 0
0.50000 0.50000 0.00105 0.98968 0.76222 0.76220 0.78248 0.78246 0.00000 0.00000 0
0.50000 0.50000 0.00107 0.98977 0.76132 0.76130 0.78173 0.78171 0.00000 0.00000 0
0.50000 0.50000 0.00108 0.98985 0.76047 0.76045 0.78103 0.78102 0.00000 0.00000 0
0.50000 0.50000 0.00110 0.98993 0.75970 0.75969 0.78040 0.78039 0.00000 0.00000 0
0.50000 0.50000 0.00112 0.99001 0.75904 0.75903 0.77985 0.77984 0.00000 0.00000 0
0.50000 0.50000 0.00113 0.99009 0.75849 0.75849 0.77940 0.77940 0.00000 0.00000 0
0.50000 0.50000 0.00115 0.99017 0.75807 0.75807 0.77906 0.77906 0.00000 0.00000 0
0.50000 0.50000 0.00116 0.99025 0.75779 0.75779 0.77884 0.77884 0.00000 0.00000 0
0.50000 0.50000 0.00118 0.99032 0.75764 0.75765 0.77872 0.77873 0.00000 0.00000 0
0.50000 0.50000 0.00120 0.99040 0.75762 0.75763 0.77871 0.77872 0.00000 0.00000 0
0.50000 0.50000 0.00121 0.99047 0.75773 0.75774 0.77881 0.77882 0.00000 0.00000 0
0.50000 0.50000 0.00123 0.99054 0.75794 0.75795 0.77899 0.77900 0.00000 0.00000 0
0.50000 0.50000 0.00125 0.99061 0.75824 0.75825 0.77924 0.77925 0.00000 0.00000 0
0.50000 0.50000 0.00126 0.99068 0.75861 0.75862 0.77955 0.77956 0.00000 0.00000 0
0.50000 0.50000 0.00128 0.99074 0.75904 0.75905 0.77991 0.77991 0.00000 0.00000 0
0.50000 0.50000 0.00130 0.99081 0.75950 0.75951 0.78029 0.78029 0.00000 0.00000 0
0.50000 0.50000 0.00132 0.99087 0.75998 0.75998 0.78068 0.78068 0.00000 0.00000 0
0.50000 0.50000 0.00133 0.99094 0.76045 0.76045 0.78106 0.78107 0.00000 0.00000 0
0.50000 0.50000 0.00135 0.99100 0.76090 0.76091 0.78143 0.78143 0.00000 0.00000 0
0.50000 0.50000 0.00137 0.99106 0.76132 0.76133 0.78177 0.78177 0.00000 0.00000 0
0.50000 0.50000 0.00139 0.99112 0.76170 0.76170 0.78207 0.78207 0.00000 0.00000 0
0.50000 0.50000 0.00140 0.99119 0.76203 0.76202 0.78232 0.78232 0.00000 0.00000 0
0.50000 0.50000 0.00142 0.99125 0.76229 0.76229 0.78253 0.78253 0.00000 0.00000 0
0.50000 0.50000 0.00144 0.99131 0.76250 0.76249 0.78269 0.78269 0.00000 0.00000 0
0.50000 0.50000 0.00146 0.99137 0.76264 0.76264 0.78280 0.78279 0.00000 0.00000 0
0.50000 0.50000 0.00148 0.99143 0.76272 0.76272 0.78286 0.78285 0.00000 0.00000 0
0.50000 0.50000 0.00150 0.99148 0.76275 0.76275 0.78287 0.78287 0.00000 0.00000 0
0.50000 0.50000 0.00152 0.99154 0.76273 0.76273 0.78285 0.78284 0.00000 0.00000 0
0.50000 0.50000 0.00153 0.99160 0.76266 0.76266 0.78279 0.78279 0.00000 0.00000 0
0.50000 0.50000 0.00155 0.99166 0.76256 0.76256 0.78270 0.78270 0.00000 0.00000 0
0.50000 0.50000 0.00157 0.99171 0.76243 0.76243 0.78259 0.78259 0.00000 0.00000 0
0.50000 0.50000 0.00159 0.99177 0.76227 0.76227 0.78246 0.78246 0.00000 0.00000 0
0.50000 0.50000 0.00161 0.99182 0.76210 0.76210 0.78233 0.78233 0.00000 0.00000 0
0.50000 0.50000 0.00163 0.99188 0.76193 0.76192 0.78219 0.78219 0.00000 0.00000 0
0.50000 0.50000 0.00165 0.99193 0.76175 0.76175 0.78204 0.78204 0.00000 0.00000 0
0.50000 0.50000 0.00167 0.99198 0.76157 0.76157 0.78191 0.78191 0.00000 0.00000 0
0.50000 0.50000 0.00169 0.99204 0.76141 0.76141 0.78178 0.78178 0.00000 0.00000 0
0.50000 0.50000 0.00171 0.99209 0.76125 0.76125 0.78166 0.78166 0.00000 0.00000 0
0.50000 0.50000 0.00173 0.99214 0.76111 0.76112 0.78155 0.78155 0.00000 0.00000 0
0.50000 0.50000 0.00175 0.99219 0.76099 0.76100 0.78146 0.78146 0.00000 0.00000 0
0.50000 0.50000 0.00177 0.99224 0.76089 0.76089 0.78138 0.78138 0.00000 0.00000 0
0.50000 0.50000 0.00179 0.99228 0.76081 0.76081 0.78132 0.78132 0.00000 0.00000 0
0.50000 0.50000 0.00181 0.99233 0.76075 0.76075 0.78127 0.78128 0.00000 0.00000 0
0.50000 0.50000 0.00184 0.99238 0.76070 0.76070 0.78124 0.78124 0.00000 0.00000 0
0.50000 0.50000 0.00186 0.99243 0.76068 0.76068 0.78122 0.78122 0.00000 0.00000 0
0.50000 0.50000 0.00188 0.99247 0.76067 0.76067 0.78121 0.78121 0.00000 0.00000 0
0.50000 0.50000 0.00190 0.99252 0.76067 0.76067 0.78122 0.78122 0.00000 0.00000 0
0.50000 0.50000 0.00192 0.99256 0.76069 0.76069 0.78123 0.78123 0.00000 0.00000 0
0.50000 0.50000 0.00194 0.99260 0.76072 0.76072 0.78125 0.78125 0.00000 0.00000 0
0.50000 0.50000 0.00196 0.99265 0.76076 0.76076 0.78128 0.78128 0.00000 0.00000 0
0.50000 0.50000 0.00198 0.99269 0.76081 0.76081 0.78132 0.78132 0.00000 0.00000 0
0.50000 0.50000 0.00201 0.99273 0.76086 0.76086 0.78136 0.78136 0.00000 0.00000 0
0.50000 0.50000 0.00203 0.99278 0.76092 0.76092 0.78140 0.78140 0.00000 0.00000 0
0.50000 0.50000 0.00205 0.99282 0.76098 0.76098 0.78145 0.78145 0.00000 0.00000 0
0.50000 0.50000 0.00207 0.99286 0.76104 0.76104 0.78150 0.78150 0.00000 0.00000 0
0.50000 0.50000 0.00209 0.99290 0.76110 0.76110 0.78155 0.78155 0.00000 0.00000 0
0.50000 0.50000 0.00212 0.99294 0.76116 0.76116 0.78159 0.78159 0.00000 0.00000 0
0.50000 0.50000 0.00214 0.99298 0.76122 0.76122 0.78164 0.78164 0.00000 0.00000 0
0.50000 0.50000 0.00216 0.99302 0.76127 0.76127 0.78168 0.78168 0.00000 0.00000 0
0.50000 0.50000 0.00219 0.99306 0.76132 0.76132 0.78172 0.78172 0.00000 0.00000 0
0.50000 0.50000 0.00221 0.99310 0.76136 0.76136 0.78175 0.78175 0.00000 0.00000 0
0.50000 0.50000 0.00223 0.99313 0.76140 0.76140 0.78178 0.78178 0.00000 0.00000 0
0.50000 0.50000 0.00226 0.99317 0.76143 0.76143 0.78181 0.78181 0.00000 0.00000 0
0.50000 0.50000 0.00228 0.99321 0.76145 0.76145 0.78183 0.78183 0.00000 0.00000 0
0.50000 0.50000 0.00230 0.99325 0.76146 0.76146 0.78184 0.78184 0.00000 0.00000 0
0.50000 0.50000 0.00233 0.99328 0.76147 0.76147 0.78184 0.78184 0.00000 0.00000 0
0.50000 0.50000 0.00235 0.99332 0.76147 0.76147 0.78185 0.78185 0.00000 0.00000 0
0.50000 0.50000 0.00237 0.99335 0.76147 0.76147 0.78184 0.78184 0.00000 0.00000 0
0.50000 0.50000 0.00240 0.99339 0.76145 0.76145 0.78183 0.78183 0.00000 0.00000 0
0.50000 0.50000 0.00242 0.99342 0.76143 0.76143 0.78182 0.78182 0.00000 0.00000 0
0.50000 0.50000 0.00245 0.99346 0.76141 0.76141 0.78180 0.78180 0.00000 0.00000 0
0.50000 0.50000 0.00247 0.99349 0.76138 0.76138 0.78178 0.78178 0.00000 0.00000 0
0.50000 0.50000 0.00250 0.99353 0.76135 0.76135 0.78175 0.78175 0.00000 0.00000 0
0.50000 0.50000 0.00252 0.99356 0.76132 0.76132 0.78173 0.78173 0.00000 0.00000 0
0.50000 0.50000 0.00254 0.99359 0.76129 0.76129 0.78170 0.78170 0.00000 0.00000 0
0.50000 0.50000 0.00257 0.99363 0.76126 0.76126 0.78168 0.78168 0.00000 0.00000 0
0.50000 0.50000 0.00259 0.99366 0.76123 0.76123 0.78165 0.78165 0.00000 0.00000 0
0.50000 0.50000 0.00262 0.99369 0.76120 0.76120 0.78163 0.78163 0.00000 0.00000 0
0.50000 0.50000 0.00265 0.99372 0.76117 0.76117 0.78161 0.78161 0.00000 0.00000 0
0.50000 0.50000 0.00267 0.99376 0.76115 0.76115 0.78159 0.78159 0.00000 0.00000 0
0.50000 0.50000 0.00270 0.99379 0.76113 0.76113 0.78157 0.78157 0.00000 0.00000 0
0.50000 0.50000 0.00272 0.99382 0.76112 0.76112 0.78156 0.78156 0.00000 0.00000 0
0.50000 0.50000 0.00275 0.99385 0.76111 0.76111 0.78155 0.78155 0.00000 0.00000 0
0.50000 0.50000 0.00277 0.99388 0.76110 0.76110 0.78155 0.78155 0.00000 0.00000 0
0.50000 0.50000 0.00280 0.99391 0.76110 0.76110 0.78155 0.78155 0.00000 0.00000 0
0.50000 0.50000 0.00283 0.99394 0.76110 0.76110 0.78155 0.78155 0.00000 0.00000 0
0.50000 0.50000 0.00285 0.99397 0.76111 0.76111 0.78155 0.78155 0.00096 0.00000 0
0.50000 0.50000 0.00288 0.99400 0.76112 0.76112 0.78156 0.78156 0.00474 0.00000 0
0.50000 0.50000 0.00291 0.99403 0.76113 0.76113 0.78157 0.78157 0.00851 0.00000 0
0.50000 0.50000 0.00293 0.99405 0.76114 0.76114 0.78158 0.78158 0.01229 0.00000 0
0.50000 0.50000 0.00296 0.99408 0.76116 0.76116 0.78159 0.78159 0.01606 0.00000 0
0.50000 0.50000 0.00299 0.99411 0.76117 0.76117 0.78160 0.78160 0.01984 0.00000 0
0.50000 0.50000 0.00301 0.99414 0.76119 0.76119 0.78162 0.78162 0.02361 0.00000 0
0.50000 0.50000 0.00304 0.99417 0.76120 0.76120 0.78163 0.78163 0.02739 0.00000 0
0.50000 0.50000 0.00307 0.99419 0.76122 0.76122 0.78164 0.78164 0.03117 0.00000 0
0.50000 0.50000 0.00310 0.99422 0.76123 0.76123 0.78165 0.78165 0.03494 0.00000 0
0.50000 0.50000 0.00312 0.99425 0.76124 0.76124 0.78166 0.78166 0.03872 0.00000 0
0.50000 0.50000 0.00315 0.99427 0.76126 0.76126 0.78167 0.78167 0.04249 0.00000 0
0.50000 0.50000 0.00318 0.99430 0.76126 0.76126 0.78168 0.78168 0.04627 0.00000 0
0.50000 0.50000 0.00321 0.99433 0.76127 0.76127 0.78168 0.78168 0.05004 0.00000 0
0.50000 0.50000 0.00323 0.99435 0.76128 0.76128 0.78169 0.78169 0.05382 0.00000 0
0.50000 0.50000 0.00326 0.99438 0.76128 0.76128 0.78169 0.78169 0.05759 0.00000 0
0.50000 0.50000 0.00329 0.99440 0.76128 0.76128 0.78169 0.78169 0.06137 0.00000 0
0.50000 0.50000 0.00332 0.99443 0.76128 0.76128 0.78169 0.78169 0.06514 0.00000 0
0.50000 0.50000 0.00335 0.99445 0.76128 0.76128 0.78169 0.78169 0.06892 0.00000 0
0.50000 0.50000 0.00338 0.99448 0.76127 0.76127 0.78169 0.78169 0.07269 0.00000 0
0.50000 0.50000 0.00341 0.99450 0.76127 0.76127 0.78168 0.78168 0.07646 0.00000 0
0.50000 0.50000 0.00344 0.99453 0.76126 0.76126 0.78168 0.78168 0.08024 0.00000 0
0.50000 0.50000 0.00346 0.99455 0.76126 0.76126 0.78167 0.78167 0.08401 0.00000 0
0.50000 0.50000 0.00349 0.99457 0.76125 0.76125 0.78167 0.78167 0.08778 0.00000 0
0.50000 0.50000 0.00352 0.99460 0.76124 0.76124 0.78166 0.78166 0.09156 0.00000 0
0.50000 0.50000 0.00355 0.99462 0.76124 0.76124 0.78166 0.78166 0.09533 0.00000 0
0.50000 0.50000 0.00358 0.99464 0.76123 0.76123 0.78165 0.78165 0.09910 0.00000 0
0.50000 0.50000 0.00361 0.99467 0.76122 0.76122 0.78165 0.78165 0.10288 0.00000 0
0.50000 0.50000 0.00364 0.99469 0.76122 0.76122 0.78164 0.78164 0.10665 0.00000 0
0.50000 0.50000 0.00367 0.99471 0.76121 0.76121 0.78164 0.78164 0.11042 0.00000 0
0.50000 0.50000 0.00370 0.99474 0.76121 0.76121 0.78164 0.78164 0.11419 0.00000 0
0.50000 0.50000 0.00373 0.99476 0.76121 0.76121 0.78163 0.78163 0.11797 0.00000 0
0.50000 0.50000 0.00376 0.99478 0.76120 0.76120 0.78163 0.78163 0.12174 0.00000 0
0.50000 0.50000 0.00379 0.99480 0.76120 0.76120 0.78163 0.78163 0.12551 0.00000 0
0.50000 0.50000 0.00382 0.99482 0.76120 0.76120 0.78163 0.78163 0.12929 0.00000 0
0.50000 0.50000 0.00386 0.99484 0.76120 0.76120 0.78163 0.78163 0.13306 0.00000 0
0.50000 0.50000 0.00389 0.99487 0.76120 0.76120 0.78163 0.78163 0.13683 0.00000 0
0.50000 0.50000 0.00392 0.99489 0.76120 0.76120 0.78163 0.78163 0.14061 0.00000 0
0.50000 0.50000 0.00395 0.99491 0.76120 0.76120 0.78163 0.78163 0.14438 0.00000 0
0.50000 0.50000 0.00398 0.99493 0.76121 0.76121 0.78163 0.78163 0.14816 0.00000 0
0.50000 0.50000 0.00401 0.99495 0.76121 0.76121 0.78163 0.78163 0.15193 0.00000 0
0.50000 0.50000 0.00404 0.99497 0.76121 0.76121 0.78164 0.78164 0.15570 0.00000 0
0.50000 0.50000 0.00407 0.99499 0.76121 0.76121 0.78164 0.78164 0.15948 0.00000 0
0.50000 0.50000 0.00411 0.99501 0.76122 0.76122 0.78164 0.78164 0.16325 0.00000 0
0.50000 0.50000 0.00414 0.99503 0.76122 0.76122 0.78164 0.78164 0.16703 0.00000 0
0.50000 0.50000 0.00417 0.99505 0.76122 0.76122 0.78164 0.78164 0.17080 0.00000 0
0.50000 0.50000 0.00420 0.99507 0.76122 0.76122 0.78165 0.78165 0.17457 0.00000 0
0.50000 0.50000 0.00424 0.99509 0.76123 0.76123 0.78165 0.78165 0.17835 0.00000 0
0.50000 0.50000 0.00427 0.99511 0.76123 0.76123 0.78165 0.78165 0.18212 0.00000 0
0.50000 0.50000 0.00430 0.99513 0.76123 0.76123 0.78165 0.78165 0.18590 0.00000 0
0.50000 0.50000 0.00433 0.99515 0.76123 0.76123 0.78165 0.78165 0.18967 0.00000 0
0.50000 0.50000 0.00437 0.99517 0.76123 0.76123 0.78165 0.78165 0.19344 0.00000 0
0.50000 0.50000 0.00440 0.99518 0.76123 0.76123 0.78165 0.78165 0.19722 0.00000 0
0.50000 0.50000 0.00443 0.99520 0.76123 0.76123 0.78165 0.78165 0.20099 0.00000 0
0.50000 0.50000 0.00447 0.99522 0.76123 0.76123 0.78165 0.78165 0.20477 0.00000 0
0.50000 0.50000 0.00450 0.99524 0.76123 0.76123 0.78165 0.78165 0.20854 0.00000 0
0.50000 0.50000 0.00453 0.99526 0.76123 0.76123 0.78165 0.78165 0.21231 0.00000 0
0.50000 0.50000 0.00457 0.99528 0.76123 0.76123 0.78165 0.78165 0.21609 0.00000 0
0.50000 0.50000 0.00460 0.99529 0.76123 0.76123 0.78165 0.78165 0.21986 0.00000 0
0.50000 0.50000 0.00463 0.99531 0.76123 0.76123 0.78165 0.78165 0.22364 0.00000 0
0.50000 0.50000 0.00467 0.99533 0.76123 0.76123 0.78165 0.78165 0.22741 0.00000 0
0.50000 0.50000 0.00470 0.99535 0.76123 0.76123 0.78165 0.78165 0.23118 0.00000 0
0.50000 0.50000 0.00474 0.99536 0.76123 0.76123 0.78165 0.78165 0.23496 0.00000 0
0.50000 0.50000 0.00477 0.99538 0.76123 0.76123 0.78165 0.78165 0.23873 0.00000 0
0.50000 0.50000 0.00481 0.99540 0.76123 0.76123 0.78165 0.78165 0.24250 0.00000 0
0.50000 0.50000 0.00484 0.99542 0.76122 0.76122 0.78165 0.78165 0.24628 0.00000 0
0.50000 0.50000 0.00487 0.99543 0.76122 0.76122 0.78165 0.78165 0.25005 0.00000 0
0.50000 0.50000 0.00491 0.99545 0.76122 0.76122 0.78165 0.78165 0.25382 0.00000 0
0.50000 0.50000 0.00494 0.99547 0.76122 0.76122 0.78164 0.78164 0.25760 0.00000 0
0.50000 0.50000 0.00498 0.99548 0.76122 0.76122 0.78164 0.78164 0.26137 0.00000 0
0.50000 0.50000 0.00502 0.99550 0.76122 0.76122 0.78164 0.78164 0.26515 0.00000 0
0.50000 0.50000 0.00505 0.99551 0.76122 0.76122 0.78164 0.78164 0.26892 0.00000 0
0.50000 0.50000 0.00509 0.99553 0.76122 0.76122 0.78164 0.78164 0.27269 0.00000 0
0.50000 0.50000 0.00512 0.99555 0.76122 0.76122 0.78164 0.78164 0.27647 0.00000 0
0.50000 0.50000 0.00516 0.99556 0.76122 0.76122 0.78164 0.78164 0.28024 0.00000 0
0.50000 0.50000 0.00519 0.99558 0.76122 0.76122 0.78164 0.78164 0.28401 0.00000 0
0.50000 0.50000 0.00523 0.99559 0.76122 0.76122 0.78164 0.78164 0.28779 0.00000 0
0.50000 0.50000 0.00527 0.99561 0.76122 0.76122 0.78164 0.78164 0.29156 0.00000 0
0.50000 0.50000 0.00530 0.99563 0.76122 0.76122 0.78164 0.78164 0.29534 0.00000 0
0.50000 0.50000 0.00534 0.99564 0.76122 0.76122 0.78164 0.78164 0.29911 0.00000 0
0.50000 0.50000 0.00538 0.99566 0.76122 0.76122 0.78165 0.78165 0.30288 0.00000 0
0.50000 0.50000 0.00541 0.99567 0.76122 0.76122 0.78165 0.78165 0.30666 0.00000 0
0.50000 0.50000 0.00545 0.99569 0.76122 0.76122 0.78165 0.78165 0.31043 0.00000 0
0.50000 0.50000 0.00549 0.99570 0.76122 0.76122 0.78165 0.78165 0.31420 0.00000 0
0.50000 0.50000 0.00552 0.99572 0.76122 0.76122 0.78165 0.78165 0.31798 0.00000 0
0.50000 0.50000 0.00556 0.99573 0.76122 0.76122 0.78165 0.78165 0.32175 0.00000 0
0.50000 0.50000 0.00560 0.99575 0.76123 0.76123 0.78165 0.78165 0.32553 0.00000 0
0.50000 0.50000 0.00564 0.99576 0.76123 0.76123 0.78165 0.78165 0.32930 0.00000 0
0.50000 0.50000 0.00567 0.99577 0.76123 0.76123 0.78165 0.78165 0.33307 0.00000 0
0.50000 0.50000 0.00571 0.99579 0.76123 0.76123 0.78165 0.78165 0.33685 0.00000 0
0.50000 0.50000 0.00575 0.99580 0.76123 0.76123 0.78165 0.78165 0.34062 0.00000 0
0.50000 0.50000 0.00579 0.99582 0.76123 0.76123 0.78165 0.78165 0.34440 0.00000 0
0.50000 0.50000 0.00582 0.99583 0.76123 0.76123 0.78165 0.78165 0.34817 0.00000 0
0.50000 0.50000 0.00586 0.99584 0.76123 0.76123 0.78165 0.78165 0.35194 0.00000 0
0.50000 0.50000 0.00590 0.99586 0.76123 0.76123 0.78165 0.78165 0.35572 0.00000 0
0.50000 0.50000 0.00594 0.99587 0.76123 0.76123 0.78165 0.78165 0.35949 0.00000 0
0.50000 0.50000 0.00598 0.99589 0.76123 0.76123 0.78165 0.78165 0.36326 0.00000 0
0.50000 0.50000 0.00602 0.99590 0.76123 0.76123 0.78165 0.78165 0.36704 0.00000 0
0.50000 0.50000 0.00606 0.99591 0.76123 0.76123 0.78165 0.78165 0.37081 0.00000 0
0.50000 0.50000 0.00609 0.99593 0.76123 0.76123 0.78165 0.78165 0.37459 0.00000 0
0.50000 0.50000 0.00613 0.99594 0.76122 0.76122 0.78165 0.78165 0.37836 0.00000 0
0.50000 0.50000 0.00617 0.99595 0.76122 0.76122 0.78165 0.78165 0.38213 0.00000 0
0.50000 0.50000 0.00621 0.99597 0.76122 0.76122 0.78165 0.78165 0.38591 0.00000 0
0.50000 0.50000 0.00625 0.99598 0.76122 0.76122 0.78165 0.78165 0.38968 0.00000 0
0.50000 0.50000 0.00629 0.99599 0.76122 0.76122 0.78165 0.78165 0.39345 0.00000 0
0.50000 0.50000 0.00633 0.99601 0.76122 0.76122 0.78165 0.78165 0.39723 0.00000 0
0.50000 0.50000 0.00637 0.99602 0.76122 0.76122 0.78165 0.78165 0.40100 0.00000 0
0.50000 0.50000 0.00641 0.99603 0.76122 0.76122 0.78165 0.78165 0.40478 0.00000 0
0.50000 0.50000 0.00645 0.99604 0.76122 0.76122 0.78165 0.78165 0.40855 0.00000 0
0.50000 0.50000 0.00649 0.99606 0.76122 0.76122 0.78165 0.78165 0.41232 0.00000 0
0.50000 0.50000 0.00653 0.99607 0.76122 0.76122 0.78165 0.78165 0.41610 0.00000 0
0.50000 0.50000 0.00657 0.99608 0.76122 0.76122 0.78165 0.78165 0.41987 0.00000 0
0.50000 0.50000 0.00661 0.99609 0.76122 0.76122 0.78165 0.78165 0.42365 0.00000 0
0.50000 0.50000 0.00665 0.99611 0.76122 0.76122 0.78165 0.78165 0.42742 0.00000 0
0.50000 0.50000 0.00670 0.99612 0.76122 0.76122 0.78165 0.78165 0.43119 0.00000 0
0.50000 0.50000 0.00674 0.99613 0.76122 0.76122 0.78165 0.78165 0.43497 0.00000 0
0.50000 0.50000 0.00678 0.99614 0.76122 0.76122 0.78165 0.78165 0.43874 0.00000 0
0.50000 0.50000 0.00682 0.99615 0.76122 0.76122 0.78165 0.78165 0.44251 0.00000 0
0.50000 0.50000 0.00686 0.99617 0.76122 0.76122 0.78165 0.78165 0.44629 0.00000 0
0.50000 0.50000 0.00690 0.99618 0.76122 0.76122 0.78165 0.78165 0.45006 0.00000 0
0.50000 0.50000 0.00694 0.99619 0.76122 0.76122 0.78165 0.78165 0.45384 0.00000 0
0.50000 0.50000 0.00699 0.99620 0.76122 0.76122 0.78165 0.78165 0.45761 0.00000 0
0.50000 0.50000 0.00703 0.99621 0.76122 0.76122 0.78165 0.78165 0.46138 0.00000 0
0.50000 0.50000 0.00707 0.99622 0.76122 0.76122 0.78165 0.78165 0.46516 0.00000 0
0.50000 0.50000 0.00711 0.99624 0.76122 0.76122 0.78165 0.78165 0.46893 0.00000 0
0.50000 0.50000 0.00715 0.99625 0.76122 0.76122 0.78165 0.78165 0.47270 0.00000 0
0.50000 0.50000 0.00720 0.99626 0.76122 0.76122 0.78165 0.78165 0.47648 0.00000 0
0.50000 0.50000 0.00724 0.99627 0.76122 0.76122 0.78165 0.78165 0.48025 0.00000 0
0.50000 0.50000 0.00728 0.99628 0.76122 0.76122 0.78165 0.78165 0.48403 0.00000 0
0.50000 0.50000 0.00733 0.99629 0.76122 0.76122 0.78165 0.78165 0.48780 0.00000 0
0.50000 0.50000 0.00737 0.99630 0.76122 0.76122 0.78165 0.78165 0.49157 0.00000 0
0.50000 0.50000 0.00741 0.99631 0.76122 0.76122 0.78165 0.78165 0.49535 0.00000 0
0.50000 0.50000 0.00745 0.99632 0.76122 0.76122 0.78165 0.78165 0.49912 0.00000 0
0.50000 0.50000 0.00750 0.99634 0.76122 0.76122 0.78165 0.78165 0.50289 0.00000 0
0.50000 0.50000 0.00754 0.99635 0.76122 0.76122 0.78165 0.78165 0.50667 0.00000 0
0.50000 0.50000 0.00758 0.99636 0.76122 0.76122 0.78165 0.78165 0.51044 0.00000 0
0.50000 0.50000 0.00763 0.99637 0.76122 0.76122 0.78165 0.78165 0.51422 0.00000 0
0.50000 0.50000 0.00767 0.99638 0.76122 0.76122 0.78165 0.78165 0.51799 0.00000 0
0.50000 0.50000 0.00772 0.99639 0.76122 0.76122 0.78165 0.78165 0.52176 0.00000 0
0.50000 0.50000 0.00776 0.99640 0.76122 0.76122 0.78165 0.78165 0.52554 0.00000 0
0.50000 0.50000 0.00781 0.99641 0.76122 0.76122 0.78165 0.78165 0.52931 0.00000 0
0.50000 0.50000 0.00785 0.99642 0.76122 0.76122 0.78165 0.78165 0.53309 0.00000 0
0.50000 0.50000 0.00789 0.99643 0.76122 0.76122 0.78165 0.78165 0.53686 0.00000 0
0.50000 0.50000 0.00794 0.99644 0.76122 0.76122 0.78165 0.78165 0.54063 0.00000 0
0.50000 0.50000 0.00798 0.99645 0.76122 0.76122 0.78165 0.78165 0.54441 0.00000 0
0.50000 0.50000 0.00803 0.99646 0.76122 0.76122 0.78165 0.78165 0.54818 0.00000 0
0.50000 0.50000 0.00807 0.99647 0.76122 0.76122 0.78165 0.78165 0.55195 0.00000 0
0.50000 0.50000 0.00812 0.99648 0.76122 0.76122 0.78165 0.78165 0.55573 0.00000 0
0.50000 0.50000 0.00816 0.99649 0.76122 0.76122 0.78165 0.78165 0.55950 0.00000 0
0.50000 0.50000 0.00821 0.99650 0.76122 0.76122 0.78165 0.78165 0.56328 0.00000 0
0.50000 0.50000 0.00825 0.99651 0.76122 0.76122 0.78165 0.78165 0.56705 0.00000 0
0.50000 0.50000 0.00830 0.99652 0.76122 0.76122 0.78165 0.78165 0.57082 0.00000 0
0.50000 0.50000 0.00835 0.99653 0.76122 0.76122 0.78165 0.78165 0.57460 0.00000 0
0.50000 0.50000 0.00839 0.99654 0.76122 0.76122 0.78165 0.78165 0.57837 0.00000 0
0.50000 0.50000 0.00844 0.99655 0.76122 0.76122 0.78165 0.78165 0.58214 0.00000 0
0.50000 0.50000 0.00848 0.99656 0.76122 0.76122 0.78165 0.78165 0.58592 0.00000 0
0.50000 0.50000 0.00853 0.99657 0.76122 0.76122 0.78165 0.78165 0.58969 0.00000 0
0.50000 0.50000 0.00858 0.99658 0.76122 0.76122 0.78165 0.78165 0.59347 0.00000 0
0.50000 0.50000 0.00862 0.99659 0.76122 0.76122 0.78165 0.78165 0.59724 0.00000 0
0.50000 0.50000 0.00867 0.99660 0.76122 0.76122 0.78165 0.78165 0.60101 0.00000 0
0.50000 0.50000 0.00872 0.99661 0.76122 0.76122 0.78165 0.78165 0.60479 0.00000 0
0.50000 0.50000 0.00876 0.99661 0.76122 0.76122 0.78165 0.78165 0.60856 0.00000 0
0.50000 0.50000 0.00881 0.99662 0.76122 0.76122 0.78165 0.78165 0.61233 0.00000 0
0.50000 0.50000 0.00886 0.99663 0.76122 0.76122 0.78165 0.78165 0.61611 0.00000 0
0.50000 0.50000 0.00891 0.99664 0.76122 0.76122 0.78165 0.78165 0.61988 0.00000 0
0.50000 0.50000 0.00895 0.99665 0.76122 0.76122 0.78165 0.78165 0.62366 0.00000 0
0.50000 0.50000 0.00900 0.99666 0.76122 0.76122 0.78165 0.78165 0.62743 0.00000 0
0.50000 0.50000 0.00905 0.99667 0.76122 0.76122 0.78165 0.78165 0.63120 0.00000 0
0.50000 0.50000 0.00910 0.99668 0.76122 0.76122 0.78165 0.78165 0.63498 0.00000 0
0.50000 0.50000 0.00914 0.99669 0.76122 0.76122 0.78165 0.78165 0.63875 0.00000 0
0.50000 0.50000 0.00919 0.99670 0.76122 0.76122 0.78165 0.78165 0.64253 0.00000 0
0.50000 0.50000 0.00924 0.99670 0.76122 0.76122 0.78165 0.78165 0.64630 0.00000 0
0.50000 0.50000 0.00929 0.99671 0.76122 0.76122 0.78165 0.78165 0.65007 0.00000 0
0.50000 0.50000 0.00934 0.99672 0.76122 0.76122 0.78165 0.78165 0.65385 0.00000 0
0.50000 0.50000 0.00939 0.99673 0.76122 0.76122 0.78165 0.78165 0.65762 0.00000 0
0.50000 0.50000 0.00944 0.99674 0.76122 0.76122 0.78165 0.78165 0.66139 0.00000 0
0.50000 0.50000 0.00948 0.99675 0.76122 0.76122 0.78165 0.78165 0.66517 0.00000 0
0.50000 0.50000 0.00953 0.99676 0.76122 0.76122 0.78165 0.78165 0.66894 0.00000 0
0.50000 0.50000 0.00958 0.99676 0.76122 0.76122 0.78165 0.78165 0.67272 0.00000 0
0.50000 0.50000 0.00963 0.99677 0.76122 0.76122 0.78165 0.78165 0.67649 0.00000 0
0.50000 0.50000 0.00968 0.99678 0.76122 0.76122 0.78165 0.78165 0.68026 0.00000 0
0.50000 0.50000 0.00973 0.99679 0.76122 0.76122 0.78165 0.78165 0.68404 0.00000 0
0.50000 0.50000 0.00978 0.99680 0.76122 0.76122 0.78165 0.78165 0.68781 0.00000 0
0.50000 0.50000 0.00983 0.99681 0.76122 0.76122 0.78165 0.78165 0.69158 0.00000 0
0.50000 0.50000 0.00988 0.99681 0.76122 0.76122 0.78165 0.78165 0.69536 0.00000 0
0.50000 0.50000 0.00993 0.99682 0.76122 0.76122 0.78165 0.78165 0.69913 0.00000 0
0.50000 0.50000 0.00998 0.99683 0.76122 0.76122 0.78165 0.78165 0.70291 0.00000 0
0.50000 0.50000 0.01003 0.99684 0.76122 0.76122 0.78165 0.78165 0.70668 0.00000 0
0.50000 0.50000 0.01008 0.99685 0.76122 0.76122 0.78165 0.78165 0.71045 0.00000 0
0.50000 0.50000 0.01013 0.99685 0.76122 0.76122 0.78165 0.78165 0.71423 0.00000 0
0.50000 0.50000 0.01018 0.99686 0.76122 0.76122 0.78165 0.78165 0.71800 0.00000 0
0.50000 0.50000 0.01023 0.99687 0.76122 0.76122 0.78165 0.78165 0.72177 0.00000 0
0.50000 0.50000 0.01028 0.99688 0.76122 0.76122 0.78165 0.78165 0.72555 0.00000 0
0.50000 0.50000 0.01033 0.99689 0.76122 0.76122 0.78165 0.78165 0.72932 0.00000 0
0.50000 0.50000 0.01039 0.99689 0.76122 0.76122 0.78165 0.78165 0.73310 0.00000 0
0.50000 0.50000 0.01044 0.99690 0.76122 0.76122 0.78165 0.78165 0.73687 0.00000 0
0.50000 0.50000 0.01049 0.99691 0.76122 0.76122 0.78165 0.78165 0.74064 0.00000 0
0.50000 0.50000 0.01054 0.99692 0.76122 0.76122 0.78165 0.78165 0.74442 0.00000 0
0.50000 0.50000 0.01059 0.99692 0.76122 0.76122 0.78165 0.78165 0.74819 0.00000 0
0.50000 0.50000 0.01064 0.99693 0.76122 0.76122 0.78165 0.78165 0.75197 0.00000 0
0.50000 0.50000 0.01070 0.99694 0.76122 0.76122 0.78165 0.78165 0.75574 0.00000 0
0.50000 0.50000 0.01075 0.99695 0.76122 0.76122 0.78165 0.78165 0.75951 0.00000 0
0.50000 0.50000 0.01080 0.99696 0.76122 0.76122 0.78165 0.78165 0.76329 0.00000 0
0.50000 0.50000 0.01085 0.99696 0.76122 0.76122 0.78165 0.78165 0.76706 0.00000 0
0.50000 0.50000 0.01091 0.99697 0.76122 0.76122 0.78165 0.78165 0.77083 0.00000 0
0.50000 0.50000 0.01096 0.99698 0.76122 0.76122 0.78165 0.78165 0.77461 0.00000 0
0.50000 0.50000 0.01101 0.99698 0.76122 0.76122 0.78165 0.78165 0.77838 0.00000 0
0.50000 0.50000 0.01106 0.99699 0.76122 0.76122 0.78165 0.78165 0.78216 0.00000 0
0.50000 0.50000 0.01112 0.99700 0.76122 0.76122 0.78165 0.78165 0.78593 0.00000 0
0.50000 0.50000 0.01117 0.99701 0.76122 0.76122 0.78165 0.78165 0.78970 0.00000 0
0.50000 0.50000 0.01122 0.99701 0.76122 0.76122 0.78165 0.78165 0.79348 0.00000 0
0.50000 0.50000 0.01128 0.99702 0.76122 0.76122 0.78165 0.78165 0.79725 0.00000 0
0.50000 0.50000 0.01133 0.99703 0.76122 0.76122 0.78165 0.78165 0.80102 0.00000 0
