0 0 0 1 0 0 0 0.30000 0.30000 0.00113 0.00156 0.76210 0.75485 0.78269 0.77646 0.89284 1.00000 1
0 0 0 1 0 0 0 0.30000 0.30000 0.00113 0.00156 0.76216 0.75504 0.78272 0.77659 0.89284 1.00000 1
0 0 0 1 0 0 0 0.30000 0.30000 0.00113 0.00156 0.76139 0.75468 0.78208 0.77630 0.89284 1.00000 1
0 0 0 1 0 0 0 0.30000 0.30000 0.00113 0.00155 0.75986 0.75380 0.78082 0.77561 0.89284 1.00000 1
0 0 0 1 0 0 0 0.30000 0.30000 0.00113 0.00155 0.75769 0.75245 0.77905 0.77455 0.89284 1.00000 1
0 0 0 1 0 0 0 0.30000 0.30000 0.00113 0.00155 0.75499 0.75069 0.77686 0.77318 0.89284 1.00000 1
0 0 0 1 0 0 0 0.30000 0.30000 0.00113 0.00155 0.75190 0.74862 0.77437 0.77157 0.89283 1.00000 1
0 0 0 1 0 0 0 0.30000 0.30000 0.00113 0.00155 0.74856 0.74632 0.77169 0.76978 0.89283 1.00000 1
0 0 0 1 0 0 0 0.30000 0.30000 0.00113 0.00155 0.74512 0.74389 0.76894 0.76790 0.89283 1.00000 1
0 0 0 1 0 0 0 0.30000 0.30000 0.00113 0.00155 0.74171 0.74143 0.76624 0.76599 0.89283 1.00000 1
0 0 0 1 0 0 0 0.30000 0.30000 0.00113 0.00155 0.73846 0.73902 0.76367 0.76414 0.89283 1.00000 1
0 0 0 1 0 0 0 0.30000 0.30000 0.00113 0.00155 0.73549 0.73677 0.76133 0.76241 0.89283 1.00000 1
0 0 0 1 0 0 0 0.30000 0.30000 0.00113 0.00155 0.73290 0.73476 0.75930 0.76087 0.89283 1.00000 1
0 0 0 1 0 0 0 0.30000 0.30000 0.00113 0.00155 0.73072 0.73311 0.75761 0.75960 0.89283 1.00000 1
0 0 0 1 0 0 0 0.30000 0.30000 0.00113 0.00155 0.72905 0.73186 0.75630 0.75866 0.89283 1.00000 1
0 0 0 1 0 0 0 0.30000 0.30000 0.00113 0.00156 0.72791 0.73106 0.75542 0.75806 0.89284 1.00000 1
0 0 0 1 0 0 0 0.30000 0.30000 0.00113 0.00156 0.72731 0.73071 0.75495 0.75780 0.89284 1.00000 1
0 0 0 1 0 0 0 0.30000 0.30000 0.00113 0.00156 0.72724 0.73078 0.75491 0.75786 0.89284 1.00000 1
0 0 0 1 0 0 0 0.30000 0.30000 0.00113 0.00156 0.72771 0.73120 0.75528 0.75820 0.89284 1.00000 1
0 0 0 1 0 0 0 0.30000 0.30000 0.00113 0.00156 0.72864 0.73193 0.75601 0.75876 0.89284 1.00000 1
0 0 0 1 0 0 0 0.30000 0.30000 0.00113 0.00156 0.72992 0.73289 0.75701 0.75951 0.89284 1.00000 1
0 0 0 1 0 0 0 0.30000 0.30000 0.00113 0.00156 0.73143 0.73404 0.75820 0.76039 0.89284 1.00000 1
0 0 0 1 0 0 0 0.30000 0.30000 0.00113 0.00155 0.73321 0.73521 0.75960 0.76128 0.89284 1.00000 1
0 0 0 1 0 0 0 0.30000 0.30000 0.00113 0.00155 0.73515 0.73641 0.76113 0.76219 0.89284 1.00000 1
0 0 0 1 0 0 0 0.30000 0.30000 0.00113 0.00155 0.73713 0.73763 0.76270 0.76312 0.89284 1.00000 1
0 0 0 1 0 0 0 0.30000 0.30000 0.00113 0.00155 0.73907 0.73885 0.76423 0.76405 0.89284 1.00000 1
0 0 0 1 0 0 0 0.30000 0.30000 0.00113 0.00155 0.74087 0.74004 0.76566 0.76495 0.89284 1.00000 1
0 0 0 1 0 0 0 0.30000 0.30000 0.00113 0.00155 0.74249 0.74114 0.76694 0.76580 0.89284 1.00000 1
0 0 0 1 0 0 0 0.30000 0.30000 0.00113 0.00156 0.74386 0.74214 0.76802 0.76656 0.89284 1.00000 1
0 0 0 1 0 0 0 0.30000 0.30000 0.00113 0.00156 0.74499 0.74302 0.76892 0.76724 0.89284 1.00000 1
0 0 0 1 0 0 0 0.30000 0.30000 0.00113 0.00156 0.74601 0.74391 0.76971 0.76793 0.89284 1.00000 1
0 0 0 1 0 0 0 0.30000 0.30000 0.00113 0.00156 0.74703 0.74492 0.77051 0.76872 0.89284 1.00000 1
0 0 0 1 0 0 0 0.30000 0.30000 0.00113 0.00156 0.74814 0.74612 0.77138 0.76966 0.89284 1.00000 1
0 0 0 1 0 0 0 0.30000 0.30000 0.00113 0.00156 0.74940 0.74755 0.77236 0.77078 0.89284 1.00000 1
0 0 0 1 0 0 0 0.30000 0.30000 0.00113 0.00156 0.75080 0.74918 0.77345 0.77207 0.89284 1.00000 1
0 0 0 1 0 0 0 0.30000 0.30000 0.00113 0.00156 0.75234 0.75099 0.77465 0.77350 0.89284 1.00000 1
0 0 0 1 0 0 0 0.30000 0.30000 0.00113 0.00156 0.75399 0.75294 0.77594 0.77504 0.89284 1.00000 1
0 0 0 1 0 0 0 0.30000 0.30000 0.00113 0.00156 0.75572 0.75496 0.77730 0.77665 0.89284 1.00000 1
0 0 0 1 0 0 0 0.30000 0.30000 0.00113 0.00156 0.75749 0.75703 0.77870 0.77829 0.89284 1.00000 1
0 0 0 1 0 0 0 0.30000 0.30000 0.00113 0.00156 0.75927 0.75907 0.78010 0.77992 0.89283 1.00000 1
0 0 0 1 0 0 0 0.30000 0.30000 0.00113 0.00156 0.76102 0.76105 0.78148 0.78151 0.89283 1.00000 1
0 0 0 1 0 0 0 0.30000 0.30000 0.00113 0.00156 0.76270 0.76292 0.78282 0.78301 0.89283 1.00000 1
0 0 0 1 0 0 0 0.30000 0.30000 0.00113 0.00156 0.76428 0.76466 0.78407 0.78440 0.89283 1.00000 1
0 0 0 1 0 0 0 0.30000 0.30000 0.00113 0.00156 0.76573 0.76622 0.78523 0.78566 0.89284 1.00000 1
0 0 0 1 0 0 0 0.30000 0.30000 0.00113 0.00156 0.76702 0.76759 0.78626 0.78676 0.89284 1.00000 1
0 0 0 1 0 0 0 0.30000 0.30000 0.00113 0.00156 0.76813 0.76874 0.78716 0.78769 0.89284 1.00000 1
0 0 0 1 0 0 0 0.30000 0.30000 0.00113 0.00156 0.76906 0.76968 0.78791 0.78844 0.89284 1.00000 1
0 0 0 1 0 0 0 0.30000 0.30000 0.00113 0.00156 0.76979 0.77038 0.78849 0.78901 0.89284 1.00000 1
0 0 0 1 0 0 0 0.30000 0.30000 0.00113 0.00156 0.77031 0.77086 0.78892 0.78940 0.89284 1.00000 1
0 0 0 1 0 0 0 0.30000 0.30000 0.00113 0.00156 0.77062 0.77111 0.78918 0.78960 0.89284 1.00000 1
0 0 0 1 0 0 0 0.30000 0.30000 0.00113 0.00156 0.77074 0.77115 0.78927 0.78963 0.89284 1.00000 1
0 0 0 1 0 0 0 0.30000 0.30000 0.00113 0.00156 0.77066 0.77099 0.78922 0.78950 0.89284 1.00000 1
0 0 0 1 0 0 0 0.30000 0.30000 0.00113 0.00156 0.77040 0.77065 0.78901 0.78923 0.89284 1.00000 1
0 0 0 1 0 0 0 0.30000 0.30000 0.00113 0.00156 0.76999 0.77015 0.78868 0.78883 0.89284 1.00000 1
0 0 0 1 0 0 0 0.30000 0.30000 0.00113 0.00156 0.76943 0.76952 0.78823 0.78831 0.89284 1.00000 1
0 0 0 1 0 0 0 0.30000 0.30000 0.00113 0.00156 0.76875 0.76877 0.78769 0.78770 0.89284 1.00000 1
0 0 0 1 0 0 0 0.30000 0.30000 0.00113 0.00156 0.76797 0.76793 0.78707 0.78703 0.89284 1.00000 1
0 0 0 1 0 0 0 0.30000 0.30000 0.00113 0.00156 0.76713 0.76703 0.78639 0.78631 0.89284 1.00000 1
0 0 0 1 0 0 0 0.30000 0.30000 0.00113 0.00156 0.76623 0.76610 0.78567 0.78555 0.89284 1.00000 1
0 0 0 1 0 0 0 0.30000 0.30000 0.00113 0.00156 0.76502 0.76508 0.78468 0.78474 0.89284 1.00000 1
0 0 0 1 0 0 0 0.30000 0.30000 0.00113 0.00156 0.76352 0.76405 0.78345 0.78392 0.89284 1.00000 1
0 0 0 1 0 0 0 0.30000 0.30000 0.00113 0.00155 0.76177 0.76304 0.78201 0.78311 0.89284 1.00000 1
0 0 0 1 0 0 0 0.30000 0.30000 0.00113 0.00155 0.75984 0.76205 0.78042 0.78232 0.89284 1.00000 1
0 0 0 1 0 0 0 0.30000 0.30000 0.00113 0.00155 0.75779 0.76110 0.77872 0.78157 0.89284 1.00000 1
0 0 0 1 0 0 0 0.30000 0.30000 0.00113 0.00155 0.75569 0.76020 0.77698 0.78086 0.89284 1.00000 1
0 0 0 1 0 0 0 0.30000 0.30000 0.00113 0.00155 0.75362 0.75934 0.77526 0.78019 0.89284 1.00000 1
0 0 0 1 0 0 0 0.30000 0.30000 0.00113 0.00155 0.75165 0.75855 0.77363 0.77956 0.89284 1.00000 1
0 0 0 1 0 0 0 0.30000 0.30000 0.00113 0.00155 0.74984 0.75782 0.77214 0.77899 0.89284 1.00000 1
0 0 0 1 0 0 0 0.30000 0.30000 0.00113 0.00155 0.74826 0.75717 0.77085 0.77849 0.89284 1.00000 1
0 0 0 1 0 0 0 0.30000 0.30000 0.00113 0.00155 0.74696 0.75662 0.76978 0.77805 0.89284 1.00000 1
0 0 0 1 0 0 0 0.30000 0.30000 0.00113 0.00156 0.74597 0.75617 0.76897 0.77770 0.89284 1.00000 1
0 0 0 1 0 0 0 0.30000 0.30000 0.00113 0.00156 0.74531 0.75583 0.76844 0.77745 0.89284 1.00000 1
0 0 0 1 0 0 0 0.30000 0.30000 0.00113 0.00156 0.74499 0.75562 0.76819 0.77729 0.89284 1.00000 1
0 0 0 1 0 0 0 0.30000 0.30000 0.00113 0.00156 0.74502 0.75554 0.76823 0.77723 0.89284 1.00000 1
0 0 0 1 0 0 0 0.30000 0.30000 0.00113 0.00156 0.74538 0.75559 0.76854 0.77728 0.89284 1.00000 1
0 0 0 1 0 0 0 0.30000 0.30000 0.00113 0.00156 0.74605 0.75577 0.76911 0.77742 0.89284 1.00000 1
0 0 0 1 0 0 0 0.30000 0.30000 0.00113 0.00156 0.74703 0.75608 0.76992 0.77767 0.89284 1.00000 1
0 0 0 1 0 0 0 0.30000 0.30000 0.00113 0.00155 0.74856 0.75620 0.77119 0.77774 0.89284 1.00000 1
0 0 0 1 0 0 0 0.30000 0.30000 0.00113 0.00155 0.75055 0.75626 0.77284 0.77774 0.89284 1.00000 1
0 0 0 1 0 0 0 0.30000 0.30000 0.00113 0.00155 0.75290 0.75631 0.77478 0.77771 0.89284 1.00000 1
0 0 0 1 0 0 0 0.30000 0.30000 0.00113 0.00155 0.75554 0.75640 0.77695 0.77769 0.89284 1.00000 1
0 0 0 1 0 0 0 0.30000 0.30000 0.00113 0.00155 0.75839 0.75654 0.77930 0.77771 0.89284 1.00000 1
0 0 0 1 0 0 0 0.30000 0.30000 0.00113 0.00155 0.76137 0.75682 0.78175 0.77782 0.89284 1.00000 1
0 0 0 1 0 0 0 0.30000 0.30000 0.00113 0.00155 0.76431 0.75724 0.78418 0.77806 0.89284 1.00000 1
0 0 0 1 0 0 0 0.30000 0.30000 0.00113 0.00155 0.76710 0.75782 0.78648 0.77844 0.89284 1.00000 1
0 0 0 1 0 0 0 0.30000 0.30000 0.00113 0.00155 0.76966 0.75855 0.78858 0.77895 0.89284 1.00000 1
0 0 0 1 0 0 0 0.30000 0.30000 0.00113 0.00155 0.77191 0.75943 0.79043 0.77960 0.89284 1.00000 1
0 0 0 1 0 0 0 0.30000 0.30000 0.00113 0.00155 0.77382 0.76044 0.79200 0.78037 0.89284 1.00000 1
0 0 0 1 0 0 0 0.30000 0.30000 0.00113 0.00155 0.77535 0.76156 0.79326 0.78125 0.89284 1.00000 1
0 0 0 1 0 0 0 0.30000 0.30000 0.00113 0.00155 0.77651 0.76274 0.79420 0.78220 0.89284 1.00000 1
0 0 0 1 0 0 0 0.30000 0.30000 0.00113 0.00155 0.77729 0.76396 0.79483 0.78320 0.89284 1.00000 1
0 0 0 1 0 0 0 0.30000 0.30000 0.00113 0.00156 0.77754 0.76517 0.79502 0.78422 0.89284 1.00000 1
0 0 0 1 0 0 0 0.30000 0.30000 0.00113 0.00156 0.77748 0.76632 0.79494 0.78520 0.89284 1.00000 1
0 0 0 1 0 0 0 0.30000 0.30000 0.00113 0.00156 0.77712 0.76737 0.79462 0.78611 0.89284 1.00000 1
0 0 0 1 0 0 0 0.30000 0.30000 0.00113 0.00156 0.77648 0.76830 0.79408 0.78692 0.89284 1.00000 1
0 0 0 1 0 0 0 0.30000 0.30000 0.00113 0.00156 0.77560 0.76907 0.79333 0.78763 0.89284 1.00000 1
0 0 0 1 0 0 0 0.30000 0.30000 0.00113 0.00155 0.77448 0.76968 0.79239 0.78820 0.89284 1.00000 1
0 0 0 1 0 0 0 0.30000 0.30000 0.00113 0.00155 0.77314 0.77011 0.79128 0.78863 0.89284 1.00000 1
0 0 0 1 0 0 0 0.30000 0.30000 0.00113 0.00155 0.77167 0.77035 0.79006 0.78891 0.89284 1.00000 1
0 0 0 1 0 0 0 0.30000 0.30000 0.00113 0.00155 0.77011 0.77037 0.78877 0.78900 0.89284 1.00000 1
0 0 0 1 0 0 0 0.30000 0.30000 0.00113 0.00155 0.76852 0.77017 0.78747 0.78891 0.89284 1.00000 1
0 0 0 1 0 0 0 0.30000 0.30000 0.00113 0.00155 0.76696 0.76974 0.78620 0.78862 0.89284 1.00000 1
0 0 0 1 0 0 0 0.30000 0.30000 0.00113 0.00155 0.76546 0.76911 0.78498 0.78815 0.89284 1.00000 1
0 0 0 1 0 0 0 0.30000 0.30000 0.00113 0.00155 0.76406 0.76830 0.78385 0.78752 0.89284 1.00000 1
0 0 0 1 0 0 0 0.30000 0.30000 0.00113 0.00155 0.76277 0.76733 0.78281 0.78676 0.89284 1.00000 1
0 0 0 1 0 0 0 0.30000 0.30000 0.00113 0.00156 0.76161 0.76626 0.78188 0.78590 0.89284 1.00000 1
0 0 0 1 0 0 0 0.30000 0.30000 0.00113 0.00156 0.76061 0.76511 0.78108 0.78497 0.89284 1.00000 1
0 0 0 1 0 0 0 0.30000 0.30000 0.00113 0.00156 0.75976 0.76393 0.78041 0.78401 0.89284 1.00000 1
0 0 0 1 0 0 0 0.30000 0.30000 0.00113 0.00156 0.75907 0.76276 0.77986 0.78305 0.89284 1.00000 1
0 0 0 1 0 0 0 0.30000 0.30000 0.00113 0.00156 0.75853 0.76165 0.77944 0.78212 0.89284 1.00000 1
0 0 0 1 0 0 0 0.30000 0.30000 0.00113 0.00156 0.75815 0.76062 0.77914 0.78127 0.89284 1.00000 1
0 0 0 1 0 0 0 0.30000 0.30000 0.00113 0.00156 0.75791 0.75971 0.77896 0.78052 0.89284 1.00000 1
0 0 0 1 0 0 0 0.30000 0.30000 0.00113 0.00156 0.75781 0.75895 0.77889 0.77988 0.89284 1.00000 1
0 0 0 1 0 0 0 0.30000 0.30000 0.00113 0.00156 0.75783 0.75836 0.77892 0.77937 0.89284 1.00000 1
0 0 0 1 0 0 0 0.30000 0.30000 0.00113 0.00156 0.75797 0.75794 0.77904 0.77902 0.89284 1.00000 1
0 0 0 1 0 0 0 0.30000 0.30000 0.00113 0.00156 0.75821 0.75771 0.77924 0.77881 0.89284 1.00000 1
0 0 0 1 0 0 0 0.30000 0.30000 0.00113 0.00156 0.75854 0.75766 0.77951 0.77875 0.89284 1.00000 1
0 0 0 1 0 0 0 0.30000 0.30000 0.00113 0.00156 0.75894 0.75777 0.77984 0.77883 0.89284 1.00000 1
0 0 0 1 0 0 0 0.30000 0.30000 0.00113 0.00156 0.75940 0.75804 0.78021 0.77904 0.89284 1.00000 1
0 0 0 1 0 0 0 0.30000 0.30000 0.00113 0.00156 0.75991 0.75845 0.78063 0.77937 0.89284 1.00000 1
0 0 0 1 0 0 0 0.30000 0.30000 0.00113 0.00156 0.76045 0.75898 0.78106 0.77979 0.89284 1.00000 1
0 0 0 1 0 0 0 0.30000 0.30000 0.00113 0.00156 0.76101 0.75959 0.78151 0.78029 0.89284 1.00000 1
0 0 0 1 0 0 0 0.30000 0.30000 0.00113 0.00156 0.76158 0.76027 0.78197 0.78084 0.89284 1.00000 1
0 0 0 1 0 0 0 0.30000 0.30000 0.00113 0.00156 0.76214 0.76099 0.78242 0.78142 0.89284 1.00000 1
0 0 0 1 0 0 0 0.30000 0.30000 0.00113 0.00156 0.76268 0.76172 0.78285 0.78202 0.89284 1.00000 1
0 0 0 1 0 0 0 0.30000 0.30000 0.00113 0.00156 0.76319 0.76243 0.78326 0.78260 0.89284 1.00000 1
0 0 0 1 0 0 0 0.30000 0.30000 0.00113 0.00156 0.76366 0.76312 0.78363 0.78316 0.89284 1.00000 1
0 0 0 1 0 0 0 0.30000 0.30000 0.00113 0.00156 0.76409 0.76375 0.78398 0.78368 0.89284 1.00000 1
0 0 0 1 0 0 0 0.30000 0.30000 0.00113 0.00156 0.76447 0.76432 0.78427 0.78415 0.89284 1.00000 1
0 0 0 1 0 0 0 0.30000 0.30000 0.00113 0.00156 0.76479 0.76482 0.78453 0.78455 0.89284 1.00000 1
0 0 0 1 0 0 0 0.30000 0.30000 0.00113 0.00156 0.76505 0.76522 0.78473 0.78488 0.89284 1.00000 1
0 0 0 1 0 0 0 0.30000 0.30000 0.00113 0.00156 0.76525 0.76554 0.78489 0.78513 0.89284 1.00000 1
0 0 0 1 0 0 0 0.30000 0.30000 0.00113 0.00156 0.76539 0.76576 0.78499 0.78532 0.89284 1.00000 1
0 0 0 1 0 0 0 0.30000 0.30000 0.00113 0.00156 0.76546 0.76590 0.78505 0.78542 0.89284 1.00000 1
0 0 0 1 0 0 0 0.30000 0.30000 0.00113 0.00156 0.76533 0.76609 0.78491 0.78558 0.89284 1.00000 1
0 0 0 1 0 0 0 0.30000 0.30000 0.00113 0.00156 0.76500 0.76637 0.78461 0.78580 0.89284 1.00000 1
0 0 0 1 0 0 0 0.30000 0.30000 0.00113 0.00156 0.76452 0.76675 0.78417 0.78611 0.89284 1.00000 1
0 0 0 1 0 0 0 0.30000 0.30000 0.00113 0.00156 0.76392 0.76720 0.78362 0.78647 0.89284 1.00000 1
0 0 0 1 0 0 0 0.30000 0.30000 0.00113 0.00156 0.76325 0.76770 0.78301 0.78687 0.89284 1.00000 1
0 0 0 1 0 0 0 0.30000 0.30000 0.00113 0.00156 0.76255 0.76821 0.78238 0.78729 0.89284 1.00000 1
0 0 0 1 0 0 0 0.30000 0.30000 0.00113 0.00156 0.76188 0.76872 0.78176 0.78770 0.89284 1.00000 1
0 0 0 1 0 0 0 0.30000 0.30000 0.00113 0.00156 0.76127 0.76919 0.78120 0.78808 0.89284 1.00000 1
0 0 0 1 0 0 0 0.30000 0.30000 0.00113 0.00156 0.76076 0.76961 0.78073 0.78842 0.89284 1.00000 1
0 0 0 1 0 0 0 0.30000 0.30000 0.00113 0.00156 0.76037 0.76995 0.78038 0.78870 0.89284 1.00000 1
0 0 0 1 0 0 0 0.30000 0.30000 0.00113 0.00156 0.76013 0.77022 0.78015 0.78892 0.89284 1.00000 1
0 0 0 1 0 0 0 0.30000 0.30000 0.00113 0.00156 0.76003 0.77040 0.78006 0.78907 0.89284 1.00000 1
0 0 0 1 0 0 0 0.30000 0.30000 0.00113 0.00156 0.76009 0.77050 0.78011 0.78915 0.89284 1.00000 1
0 0 0 1 0 0 0 0.30000 0.30000 0.00113 0.00156 0.76030 0.77050 0.78029 0.78915 0.89284 1.00000 1
0 0 0 1 0 0 0 0.30000 0.30000 0.00113 0.00156 0.76064 0.77040 0.78060 0.78908 0.89284 1.00000 1
0 0 0 1 0 0 0 0.30000 0.30000 0.00113 0.00156 0.76109 0.77021 0.78101 0.78893 0.89284 1.00000 1
0 0 0 1 0 0 0 0.30000 0.30000 0.00113 0.00156 0.76164 0.76991 0.78151 0.78869 0.89284 1.00000 1
0 0 0 1 0 0 0 0.30000 0.30000 0.00113 0.00156 0.76227 0.76950 0.78209 0.78836 0.89284 1.00000 1
0 0 0 1 0 0 0 0.30000 0.30000 0.00113 0.00156 0.76294 0.76896 0.78271 0.78794 0.89284 1.00000 1
0 0 0 1 0 0 0 0.30000 0.30000 0.00113 0.00156 0.76364 0.76830 0.78336 0.78740 0.89284 1.00000 1
0 0 0 1 0 0 0 0.30000 0.30000 0.00113 0.00156 0.76432 0.76757 0.78399 0.78681 0.89284 1.00000 1
0 0 0 1 0 0 0 0.30000 0.30000 0.00113 0.00156 0.76493 0.76679 0.78457 0.78618 0.89284 1.00000 1
0 0 0 1 0 0 0 0.30000 0.30000 0.00113 0.00156 0.76544 0.76601 0.78505 0.78554 0.89284 1.00000 1
0 0 0 1 0 0 0 0.30000 0.30000 0.00113 0.00156 0.76581 0.76524 0.78541 0.78492 0.89284 1.00000 1
0 0 0 1 0 0 0 0.30000 0.30000 0.00113 0.00156 0.76603 0.76450 0.78564 0.78432 0.89284 1.00000 1
0 0 0 1 0 0 0 0.30000 0.30000 0.00113 0.00156 0.76609 0.76381 0.78573 0.78375 0.89284 1.00000 1
0 0 0 1 0 0 0 0.30000 0.30000 0.00113 0.00156 0.76601 0.76317 0.78569 0.78324 0.89284 1.00000 1
0 0 0 1 0 0 0 0.30000 0.30000 0.00113 0.00156 0.76578 0.76261 0.78552 0.78277 0.89284 1.00000 1
0 0 0 1 0 0 0 0.30000 0.30000 0.00113 0.00156 0.76544 0.76211 0.78524 0.78236 0.89284 1.00000 1
0 0 0 1 0 0 0 0.30000 0.30000 0.00113 0.00156 0.76499 0.76169 0.78487 0.78201 0.89284 1.00000 1
0 0 0 1 0 0 0 0.30000 0.30000 0.00113 0.00156 0.76448 0.76135 0.78443 0.78173 0.89284 1.00000 1
0 0 0 1 0 0 0 0.30000 0.30000 0.00113 0.00156 0.76392 0.76108 0.78395 0.78150 0.89284 1.00000 1
0 0 0 1 0 0 0 0.30000 0.30000 0.00113 0.00156 0.76334 0.76088 0.78346 0.78134 0.89284 1.00000 1
0 0 0 1 0 0 0 0.30000 0.30000 0.00113 0.00156 0.76277 0.76076 0.78297 0.78123 0.89284 1.00000 1
0 0 0 1 0 0 0 0.30000 0.30000 0.00113 0.00156 0.76224 0.76070 0.78251 0.78118 0.89284 1.00000 1
0 0 0 1 0 0 0 0.30000 0.30000 0.00113 0.00156 0.76177 0.76070 0.78210 0.78118 0.89284 1.00000 1
0 0 0 1 0 0 0 0.30000 0.30000 0.00113 0.00156 0.76137 0.76076 0.78175 0.78123 0.89284 1.00000 1
0 0 0 1 0 0 0 0.30000 0.30000 0.00113 0.00156 0.76106 0.76088 0.78148 0.78132 0.89284 1.00000 1
0 0 0 1 0 0 0 0.30000 0.30000 0.00113 0.00156 0.76084 0.76103 0.78129 0.78145 0.89284 1.00000 1
0 0 0 1 0 0 0 0.30000 0.30000 0.00113 0.00156 0.76073 0.76122 0.78118 0.78161 0.89284 1.00000 1
0 0 0 1 0 0 0 0.30000 0.30000 0.00113 0.00156 0.76071 0.76145 0.78116 0.78180 0.89284 1.00000 1
0 0 0 1 0 0 0 0.30000 0.30000 0.00113 0.00156 0.76078 0.76169 0.78122 0.78201 0.89284 1.00000 1
0 0 0 1 0 0 0 0.30000 0.30000 0.00113 0.00156 0.76093 0.76195 0.78134 0.78223 0.89284 1.00000 1
0 0 0 1 0 0 0 0.30000 0.30000 0.00113 0.00156 0.76115 0.76222 0.78153 0.78245 0.89284 1.00000 1
0 0 0 1 0 0 0 0.30000 0.30000 0.00113 0.00156 0.76143 0.76249 0.78176 0.78268 0.89284 1.00000 1
0 0 0 1 0 0 0 0.30000 0.30000 0.00113 0.00156 0.76175 0.76275 0.78203 0.78290 0.89284 1.00000 1
0 0 0 1 0 0 0 0.30000 0.30000 0.00113 0.00156 0.76209 0.76300 0.78232 0.78310 0.89284 1.00000 1
0 0 0 1 0 0 0 0.30000 0.30000 0.00113 0.00156 0.76245 0.76324 0.78261 0.78330 0.89284 1.00000 1
0 0 0 1 0 0 0 0.30000 0.30000 0.00113 0.00156 0.76280 0.76345 0.78291 0.78347 0.89284 1.00000 1
0 0 0 1 0 0 0 0.30000 0.30000 0.00113 0.00156 0.76314 0.76364 0.78319 0.78362 0.89284 1.00000 1
0 0 0 1 0 0 0 0.30000 0.30000 0.00113 0.00156 0.76344 0.76379 0.78344 0.78375 0.89284 1.00000 1
0 0 0 1 0 0 0 0.30000 0.30000 0.00113 0.00156 0.76371 0.76392 0.78367 0.78385 0.89284 1.00000 1
0 0 0 1 0 0 0 0.30000 0.30000 0.00113 0.00156 0.76394 0.76402 0.78386 0.78392 0.89284 1.00000 1
0 0 0 1 0 0 0 0.30000 0.30000 0.00113 0.00156 0.76413 0.76409 0.78401 0.78397 0.89284 1.00000 1
0 0 0 1 0 0 0 0.30000 0.30000 0.00113 0.00156 0.76426 0.76413 0.78411 0.78400 0.89284 1.00000 1
0 0 0 1 0 0 0 0.30000 0.30000 0.00113 0.00156 0.76435 0.76414 0.78418 0.78400 0.89284 1.00000 1
0 0 0 1 0 0 0 0.30000 0.30000 0.00113 0.00156 0.76439 0.76412 0.78421 0.78398 0.89284 1.00000 1
0 0 0 1 0 0 0 0.30000 0.30000 0.00113 0.00156 0.76438 0.76408 0.78420 0.78394 0.89284 1.00000 1
0 0 0 1 0 0 0 0.30000 0.30000 0.00113 0.00156 0.76434 0.76403 0.78416 0.78389 0.89284 1.00000 1
0 0 0 1 0 0 0 0.30000 0.30000 0.00113 0.00156 0.76427 0.76395 0.78410 0.78383 0.89284 1.00000 1
0 0 0 1 0 0 0 0.30000 0.30000 0.00113 0.00156 0.76417 0.76387 0.78401 0.78376 0.89284 1.00000 1
0 0 0 1 0 0 0 0.30000 0.30000 0.00113 0.00156 0.76404 0.76377 0.78391 0.78368 0.89284 1.00000 1
0 0 0 1 0 0 0 0.30000 0.30000 0.00113 0.00156 0.76390 0.76367 0.78379 0.78360 0.89284 1.00000 1
0 0 0 1 0 0 0 0.30000 0.30000 0.00113 0.00156 0.76376 0.76357 0.78367 0.78351 0.89284 1.00000 1
0 0 0 1 0 0 0 0.30000 0.30000 0.00113 0.00156 0.76361 0.76347 0.78355 0.78343 0.89284 1.00000 1
0 0 0 1 0 0 0 0.30000 0.30000 0.00113 0.00156 0.76346 0.76337 0.78343 0.78335 0.89284 1.00000 1
0 0 0 1 0 0 0 0.30000 0.30000 0.00113 0.00156 0.76332 0.76327 0.78332 0.78327 0.89284 1.00000 1
0 0 0 1 0 0 0 0.30000 0.30000 0.00113 0.00156 0.76318 0.76318 0.78321 0.78320 0.89284 1.00000 1
0 0 0 1 0 0 0 0.30000 0.30000 0.00113 0.00156 0.76306 0.76309 0.78311 0.78314 0.89284 1.00000 1
0 0 0 1 0 0 0 0.30000 0.30000 0.00113 0.00156 0.76296 0.76302 0.78303 0.78308 0.89284 1.00000 1
0 0 0 1 0 0 0 0.30000 0.30000 0.00113 0.00156 0.76286 0.76295 0.78296 0.78303 0.89284 1.00000 1
0 0 0 1 0 0 0 0.30000 0.30000 0.00113 0.00156 0.76279 0.76289 0.78290 0.78299 0.89284 1.00000 1
0 0 0 1 0 0 0 0.30000 0.30000 0.00113 0.00156 0.76273 0.76284 0.78285 0.78295 0.89284 1.00000 1
0 0 0 1 0 0 0 0.30000 0.30000 0.00113 0.00156 0.76269 0.76280 0.78282 0.78292 0.89284 1.00000 1
0 0 0 1 0 0 0 0.30000 0.30000 0.00113 0.00156 0.76266 0.76277 0.78280 0.78290 0.89284 1.00000 1
0 0 0 1 0 0 0 0.30000 0.30000 0.00113 0.00156 0.76264 0.76275 0.78279 0.78289 0.89284 1.00000 1
0 0 0 1 0 0 0 0.30000 0.30000 0.00113 0.00156 0.76264 0.76274 0.78279 0.78288 0.89284 1.00000 1
0 0 0 1 0 0 0 0.30000 0.30000 0.00113 0.00156 0.76265 0.76274 0.78280 0.78288 0.89284 1.00000 1
0 0 0 1 0 0 0 0.30000 0.30000 0.00113 0.00156 0.76267 0.76275 0.78282 0.78288 0.89284 1.00000 1
0 0 0 1 0 0 0 0.30000 0.30000 0.00113 0.00156 0.76270 0.76276 0.78284 0.78289 0.89284 1.00000 1
0 0 0 1 0 0 0 0.30000 0.30000 0.00113 0.00156 0.76273 0.76278 0.78287 0.78291 0.89284 1.00000 1
0 0 0 1 0 0 0 0.30000 0.30000 0.00113 0.00156 0.76277 0.76281 0.78290 0.78293 0.89284 1.00000 1
0 0 0 1 0 0 0 0.30000 0.30000 0.00113 0.00156 0.76282 0.76284 0.78293 0.78295 0.89284 1.00000 1
0 0 0 1 0 0 0 0.30000 0.30000 0.00113 0.00156 0.76287 0.76287 0.78297 0.78298 0.89284 1.00000 1
0 0 0 1 0 0 0 0.30000 0.30000 0.00113 0.00156 0.76292 0.76291 0.78301 0.78301 0.89284 1.00000 1
0 0 0 1 0 0 0 0.30000 0.30000 0.00113 0.00156 0.76297 0.76296 0.78305 0.78304 0.89284 1.00000 1
0 0 0 1 0 0 0 0.30000 0.30000 0.00113 0.00156 0.76302 0.76300 0.78309 0.78308 0.89284 1.00000 1
0 0 0 1 0 0 0 0.30000 0.30000 0.00113 0.00156 0.76307 0.76305 0.78313 0.78311 0.89284 1.00000 1
0 0 0 1 0 0 0 0.30000 0.30000 0.00113 0.00156 0.76312 0.76310 0.78317 0.78315 0.89284 1.00000 1
0 0 0 1 0 0 0 0.30000 0.30000 0.00113 0.00156 0.76316 0.76314 0.78320 0.78318 0.89284 1.00000 1
0 0 0 1 0 0 0 0.30000 0.30000 0.00113 0.00156 0.76320 0.76319 0.78323 0.78322 0.89284 1.00000 1
0 0 0 1 0 0 0 0.30000 0.30000 0.00113 0.00156 0.76324 0.76323 0.78327 0.78325 0.89284 1.00000 1
0 0 0 1 0 0 0 0.30000 0.30000 0.00113 0.00156 0.76327 0.76326 0.78329 0.78328 0.89284 1.00000 1
0 0 0 1 0 0 0 0.30000 0.30000 0.00113 0.00156 0.76330 0.76330 0.78331 0.78331 0.89284 1.00000 1
0 0 0 1 0 0 0 0.30000 0.30000 0.00113 0.00156 0.76333 0.76332 0.78333 0.78333 0.89284 1.00000 1
0 0 0 1 0 0 0 0.30000 0.30000 0.00113 0.00156 0.76334 0.76334 0.78335 0.78335 0.89284 1.00000 1
0 0 0 1 0 0 0 0.30000 0.30000 0.00113 0.00156 0.76335 0.76336 0.78336 0.78336 0.89284 1.00000 1
0 0 0 1 0 0 0 0.30000 0.30000 0.00113 0.00156 0.76336 0.76337 0.78336 0.78337 0.89284 1.00000 1
0 0 0 1 0 0 0 0.30000 0.30000 0.00113 0.00156 0.76336 0.76337 0.78336 0.78337 0.89284 1.00000 1
0 0 0 1 0 0 0 0.30000 0.30000 0.00113 0.00156 0.76335 0.76337 0.78336 0.78337 0.89284 1.00000 1
0 0 0 1 0 0 0 0.30000 0.30000 0.00113 0.00156 0.76334 0.76336 0.78335 0.78337 0.89284 1.00000 1
0 0 0 1 0 0 0 0.30000 0.30000 0.00113 0.00156 0.76333 0.76335 0.78334 0.78336 0.89284 1.00000 1
0 0 0 1 0 0 0 0.30000 0.30000 0.00113 0.00156 0.76331 0.76333 0.78332 0.78334 0.89284 1.00000 1
0 0 0 1 0 0 0 0.30000 0.30000 0.00113 0.00156 0.76329 0.76331 0.78330 0.78332 0.89284 1.00000 1
0 0 0 1 0 0 0 0.30000 0.30000 0.00113 0.00156 0.76326 0.76328 0.78328 0.78330 0.89284 1.00000 1
0 0 0 1 0 0 0 0.30000 0.30000 0.00113 0.00156 0.76323 0.76326 0.78326 0.78328 0.89284 1.00000 1
0 0 0 1 0 0 0 0.30000 0.30000 0.00113 0.00156 0.76321 0.76323 0.78324 0.78326 0.89284 1.00000 1
0 0 0 1 0 0 0 0.30000 0.30000 0.00113 0.00156 0.76318 0.76320 0.78322 0.78324 0.89284 1.00000 1
0 0 0 1 0 0 0 0.30000 0.30000 0.00113 0.00156 0.76315 0.76317 0.78320 0.78321 0.89284 1.00000 1
0 0 0 1 0 0 0 0.30000 0.30000 0.00113 0.00156 0.76312 0.76314 0.78317 0.78319 0.89284 1.00000 1
0 0 0 1 0 0 0 0.30000 0.30000 0.00113 0.00156 0.76310 0.76312 0.78315 0.78317 0.89284 1.00000 1
0 0 0 1 0 0 0 0.30000 0.30000 0.00113 0.00156 0.76308 0.76309 0.78314 0.78315 0.89284 1.00000 1
0 0 0 1 0 0 0 0.30000 0.30000 0.00113 0.00156 0.76306 0.76307 0.78312 0.78313 0.89284 1.00000 1
0 0 0 1 0 0 0 0.30000 0.30000 0.00113 0.00156 0.76304 0.76305 0.78311 0.78312 0.89284 1.00000 1
0 0 0 1 0 0 0 0.30000 0.30000 0.00113 0.00156 0.76303 0.76304 0.78310 0.78311 0.89284 1.00000 1
0 0 0 1 0 0 0 0.30000 0.30000 0.00113 0.00156 0.76302 0.76303 0.78309 0.78310 0.89284 1.00000 1
0 0 0 1 0 0 0 0.30000 0.30000 0.00113 0.00156 0.76301 0.76302 0.78308 0.78309 0.89284 1.00000 1
0 0 0 1 0 0 0 0.30000 0.30000 0.00113 0.00156 0.76301 0.76302 0.78308 0.78309 0.89284 1.00000 1
0 0 0 1 0 0 0 0.30000 0.30000 0.00113 0.00156 0.76301 0.76302 0.78308 0.78309 0.89284 1.00000 1
0 0 0 1 0 0 0 0.30000 0.30000 0.00113 0.00156 0.76302 0.76303 0.78309 0.78309 0.89284 1.00000 1
0 0 0 1 0 0 0 0.30000 0.30000 0.00113 0.00156 0.76302 0.76303 0.78309 0.78310 0.89284 1.00000 1
0 0 0 1 0 0 0 0.30000 0.30000 0.00113 0.00156 0.76303 0.76304 0.78310 0.78311 0.89284 1.00000 1
0 0 0 1 0 0 0 0.30000 0.30000 0.00113 0.00156 0.76304 0.76305 0.78311 0.78312 0.89284 1.00000 1
0 0 0 1 0 0 0 0.30000 0.30000 0.00113 0.00156 0.76305 0.76307 0.78312 0.78313 0.89284 1.00000 1
0 0 0 1 0 0 0 0.30000 0.30000 0.00113 0.00156 0.76307 0.76308 0.78313 0.78314 0.89284 1.00000 1
0 0 0 1 0 0 0 0.30000 0.30000 0.00113 0.00156 0.76308 0.76309 0.78314 0.78315 0.89284 1.00000 1
0 0 0 1 0 0 0 0.30000 0.30000 0.00113 0.00156 0.76310 0.76311 0.78315 0.78316 0.89284 1.00000 1
0 0 0 1 0 0 0 0.30000 0.30000 0.00113 0.00156 0.76311 0.76312 0.78316 0.78317 0.89284 1.00000 1
0 0 0 1 0 0 0 0.30000 0.30000 0.00113 0.00156 0.76312 0.76314 0.78317 0.78319 0.89284 1.00000 1
0 0 0 1 0 0 0 0.30000 0.30000 0.00113 0.00156 0.76314 0.76315 0.78318 0.78320 0.89284 1.00000 1
0 0 0 1 0 0 0 0.30000 0.30000 0.00113 0.00156 0.76315 0.76316 0.78319 0.78321 0.89284 1.00000 1
0 0 0 1 0 0 0 0.30000 0.30000 0.00113 0.00156 0.76316 0.76317 0.78320 0.78321 0.89284 1.00000 1
0 0 0 1 0 0 0 0.30000 0.30000 0.00113 0.00156 0.76317 0.76318 0.78321 0.78322 0.89284 1.00000 1
0 0 0 1 0 0 0 0.30000 0.30000 0.00113 0.00156 0.76317 0.76319 0.78321 0.78323 0.89284 1.00000 1
0 0 0 1 0 0 0 0.30000 0.30000 0.00113 0.00156 0.76318 0.76319 0.78322 0.78323 0.89284 1.00000 1
0 0 0 1 0 0 0 0.30000 0.30000 0.00113 0.00156 0.76318 0.76320 0.78322 0.78323 0.89284 1.00000 1
0 0 0 1 0 0 0 0.30000 0.30000 0.00113 0.00156 0.76319 0.76320 0.78322 0.78324 0.89284 1.00000 1
0 0 0 1 0 0 0 0.30000 0.30000 0.00113 0.00156 0.76319 0.76320 0.78322 0.78324 0.89284 1.00000 1
0 0 0 1 0 0 0 0.30000 0.30000 0.00113 0.00156 0.76319 0.76320 0.78322 0.78324 0.89284 1.00000 1
0 0 0 1 0 0 0 0.30000 0.30000 0.00113 0.00156 0.76319 0.76320 0.78322 0.78323 0.89284 1.00000 1
0 0 0 1 0 0 0 0.30000 0.30000 0.00113 0.00156 0.76318 0.76320 0.78322 0.78323 0.89284 1.00000 1
0 0 0 1 0 0 0 0.30000 0.30000 0.00113 0.00156 0.76318 0.76319 0.78322 0.78323 0.89284 1.00000 1
0 0 0 1 0 0 0 0.30000 0.30000 0.00113 0.00156 0.76317 0.76319 0.78321 0.78322 0.89284 1.00000 1
0 0 0 1 0 0 0 0.30000 0.30000 0.00113 0.00156 0.76317 0.76318 0.78321 0.78322 0.89284 1.00000 1
0 0 0 1 0 0 0 0.30000 0.30000 0.00113 0.00156 0.76316 0.76317 0.78320 0.78321 0.89284 1.00000 1
0 0 0 1 0 0 0 0.30000 0.30000 0.00113 0.00156 0.76316 0.76317 0.78320 0.78321 0.89284 1.00000 1
0 0 0 1 0 0 0 0.30000 0.30000 0.00113 0.00156 0.76315 0.76316 0.78319 0.78320 0.89284 1.00000 1
0 0 0 1 0 0 0 0.30000 0.30000 0.00113 0.00156 0.76314 0.76316 0.78319 0.78320 0.89284 1.00000 1
0 0 0 1 0 0 0 0.30000 0.30000 0.00113 0.00156 0.76314 0.76315 0.78318 0.78319 0.89284 1.00000 1
0 0 0 1 0 0 0 0.30000 0.30000 0.00113 0.00156 0.76313 0.76314 0.78318 0.78319 0.89284 1.00000 1
0 0 0 1 0 0 0 0.30000 0.30000 0.00113 0.00156 0.76312 0.76314 0.78317 0.78319 0.89284 1.00000 1
0 0 0 1 0 0 0 0.30000 0.30000 0.00113 0.00156 0.76312 0.76313 0.78317 0.78318 0.89284 1.00000 1
0 0 0 1 0 0 0 0.30000 0.30000 0.00113 0.00156 0.76312 0.76313 0.78317 0.78318 0.89284 1.00000 1
0 0 0 1 0 0 0 0.30000 0.30000 0.00113 0.00156 0.76311 0.76312 0.78316 0.78317 0.89284 1.00000 1
0 0 0 1 0 0 0 0.30000 0.30000 0.00113 0.00156 0.76311 0.76312 0.78316 0.78317 0.89284 1.00000 1
0 0 0 1 0 0 0 0.30000 0.30000 0.00113 0.00156 0.76311 0.76312 0.78316 0.78317 0.89284 1.00000 1
0 0 0 1 0 0 0 0.30000 0.30000 0.00113 0.00156 0.76310 0.76312 0.78316 0.78317 0.89284 1.00000 1
0 0 0 1 0 0 0 0.30000 0.30000 0.00113 0.00156 0.76310 0.76312 0.78316 0.78317 0.89284 1.00000 1
0 0 0 1 0 0 0 0.30000 0.30000 0.00113 0.00156 0.76310 0.76312 0.78316 0.78317 0.89284 1.00000 1
0 0 0 1 0 0 0 0.30000 0.30000 0.00113 0.00156 0.76310 0.76312 0.78316 0.78317 0.89284 1.00000 1
0 0 0 1 0 0 0 0.30000 0.30000 0.00113 0.00156 0.76311 0.76312 0.78316 0.78317 0.89284 1.00000 1
0 0 0 1 0 0 0 0.30000 0.30000 0.00113 0.00156 0.76311 0.76312 0.78316 0.78317 0.89284 1.00000 1
0 0 0 1 0 0 0 0.30000 0.30000 0.00113 0.00156 0.76311 0.76312 0.78316 0.78317 0.89284 1.00000 1
0 0 0 1 0 0 0 0.30000 0.30000 0.00113 0.00156 0.76311 0.76312 0.78316 0.78318 0.89284 1.00000 1
0 0 0 1 0 0 0 0.30000 0.30000 0.00113 0.00156 0.76311 0.76313 0.78317 0.78318 0.89284 1.00000 1
0 0 0 1 0 0 0 0.30000 0.30000 0.00113 0.00156 0.76312 0.76313 0.78317 0.78318 0.89284 1.00000 1
0 0 0 1 0 0 0 0.30000 0.30000 0.00113 0.00156 0.76312 0.76313 0.78317 0.78318 0.89284 1.00000 1
0 0 0 1 0 0 0 0.30000 0.30000 0.00113 0.00156 0.76312 0.76314 0.78317 0.78318 0.89284 1.00000 1
0 0 0 1 0 0 0 0.30000 0.30000 0.00113 0.00156 0.76313 0.76314 0.78318 0.78319 0.89284 1.00000 1
0 0 0 1 0 0 0 0.30000 0.30000 0.00113 0.00156 0.76313 0.76314 0.78318 0.78319 0.89284 1.00000 1
0 0 0 1 0 0 0 0.30000 0.30000 0.00113 0.00156 0.76313 0.76315 0.78318 0.78319 0.89284 1.00000 1
0 0 0 1 0 0 0 0.30000 0.30000 0.00113 0.00156 0.76314 0.76315 0.78318 0.78319 0.89284 1.00000 1
0 0 0 1 0 0 0 0.30000 0.30000 0.00113 0.00156 0.76314 0.76315 0.78319 0.78320 0.89284 1.00000 1
0 0 0 1 0 0 0 0.30000 0.30000 0.00113 0.00156 0.76314 0.76315 0.78319 0.78320 0.89284 1.00000 1
0 0 0 1 0 0 0 0.30000 0.30000 0.00113 0.00156 0.76314 0.76316 0.78319 0.78320 0.89284 1.00000 1
0 0 0 1 0 0 0 0.30000 0.30000 0.00113 0.00156 0.76314 0.76316 0.78319 0.78320 0.89284 1.00000 1
0 0 0 1 0 0 0 0.30000 0.30000 0.00113 0.00156 0.76314 0.76316 0.78319 0.78320 0.89284 1.00000 1
0 0 0 1 0 0 0 0.30000 0.30000 0.00113 0.00156 0.76314 0.76316 0.78319 0.78320 0.89284 1.00000 1
0 0 0 1 0 0 0 0.30000 0.30000 0.00113 0.00156 0.76315 0.76316 0.78319 0.78320 0.89284 1.00000 1
0 0 0 1 0 0 0 0.30000 0.30000 0.00113 0.00156 0.76314 0.76316 0.78319 0.78320 0.89284 1.00000 1
0 0 0 1 0 0 0 0.30000 0.30000 0.00113 0.00156 0.76314 0.76316 0.78319 0.78320 0.89284 1.00000 1
0 0 0 1 0 0 0 0.30000 0.30000 0.00113 0.00156 0.76314 0.76316 0.78319 0.78320 0.89284 1.00000 1
0 0 0 1 0 0 0 0.30000 0.30000 0.00113 0.00156 0.76314 0.76316 0.78319 0.78320 0.89284 1.00000 1
0 0 0 1 0 0 0 0.30000 0.30000 0.00113 0.00156 0.76314 0.76315 0.78319 0.78320 0.89284 1.00000 1
0 0 0 1 0 0 0 0.30000 0.30000 0.00113 0.00156 0.76314 0.76315 0.78319 0.78320 0.89284 1.00000 1
0 0 0 1 0 0 0 0.30000 0.30000 0.00113 0.00156 0.76314 0.76315 0.78318 0.78320 0.89284 1.00000 1
0 0 0 1 0 0 0 0.30000 0.30000 0.00113 0.00156 0.76314 0.76315 0.78318 0.78319 0.89284 1.00000 1
0 0 0 1 0 0 0 0.30000 0.30000 0.00113 0.00156 0.76313 0.76315 0.78318 0.78319 0.89284 1.00000 1
0 0 0 1 0 0 0 0.30000 0.30000 0.00113 0.00156 0.76313 0.76315 0.78318 0.78319 0.89284 1.00000 1
0 0 0 1 0 0 0 0.30000 0.30000 0.00113 0.00156 0.76313 0.76314 0.78318 0.78319 0.89284 1.00000 1
0 0 0 1 0 0 0 0.30000 0.30000 0.00113 0.00156 0.76313 0.76314 0.78318 0.78319 0.89284 1.00000 1
0 0 0 1 0 0 0 0.30000 0.30000 0.00113 0.00156 0.76313 0.76314 0.78318 0.78319 0.89284 1.00000 1
0 0 0 1 0 0 0 0.30000 0.30000 0.00113 0.00156 0.76313 0.76314 0.78318 0.78319 0.89284 1.00000 1
0 0 0 1 0 0 0 0.30000 0.30000 0.00113 0.00156 0.76313 0.76314 0.78318 0.78319 0.89284 1.00000 1
0 0 0 1 0 0 0 0.30000 0.30000 0.00113 0.00156 0.76313 0.76314 0.78317 0.78319 0.89284 1.00000 1
0 0 0 1 0 0 0 0.30000 0.30000 0.00113 0.00156 0.76313 0.76314 0.78317 0.78319 0.89284 1.00000 1
0 0 0 1 0 0 0 0.30000 0.30000 0.00113 0.00156 0.76312 0.76314 0.78317 0.78319 0.89284 1.00000 1
0 0 0 1 0 0 0 0.30000 0.30000 0.00113 0.00156 0.76312 0.76314 0.78317 0.78318 0.89284 1.00000 1
0 0 0 1 0 0 0 0.30000 0.30000 0.00113 0.00156 0.76312 0.76314 0.78317 0.78318 0.89284 1.00000 1
0 0 0 1 0 0 0 0.30000 0.30000 0.00113 0.00156 0.76312 0.76314 0.78317 0.78319 0.89284 1.00000 1
0 0 0 1 0 0 0 0.30000 0.30000 0.00113 0.00156 0.76312 0.76314 0.78317 0.78319 0.89284 1.00000 1
0 0 0 1 0 0 0 0.30000 0.30000 0.00113 0.00156 0.76313 0.76314 0.78317 0.78319 0.89284 1.00000 1
0 0 0 1 0 0 0 0.30000 0.30000 0.00113 0.00156 0.76313 0.76314 0.78317 0.78319 0.89284 1.00000 1
0 0 0 1 0 0 0 0.30000 0.30000 0.00113 0.00156 0.76313 0.76314 0.78318 0.78319 0.89284 1.00000 1
0 0 0 1 0 0 0 0.30000 0.30000 0.00113 0.00156 0.76313 0.76314 0.78318 0.78319 0.89284 1.00000 1
0 0 0 1 0 0 0 0.30000 0.30000 0.00113 0.00156 0.76313 0.76314 0.78318 0.78319 0.89284 1.00000 1
0 0 0 1 0 0 0 0.30000 0.30000 0.00113 0.00156 0.76313 0.76314 0.78318 0.78319 0.89284 1.00000 1
0 0 0 1 0 0 0 0.30000 0.30000 0.00113 0.00156 0.76313 0.76314 0.78318 0.78319 0.89284 1.00000 1
0 0 0 1 0 0 0 0.30000 0.30000 0.00113 0.00156 0.76313 0.76314 0.78318 0.78319 0.89284 1.00000 1
0 0 0 1 0 0 0 0.30000 0.30000 0.00113 0.00156 0.76313 0.76314 0.78318 0.78319 0.89284 1.00000 1
0 0 0 1 0 0 0 0.30000 0.30000 0.00113 0.00156 0.76313 0.76314 0.78318 0.78319 0.89284 1.00000 1
0 0 0 1 0 0 0 0.30000 0.30000 0.00113 0.00156 0.76313 0.76315 0.78318 0.78319 0.89284 1.00000 1
0 0 0 1 0 0 0 0.30000 0.30000 0.00113 0.00156 0.76313 0.76315 0.78318 0.78319 0.89284 1.00000 1
0 0 0 1 0 0 0 0.30000 0.30000 0.00113 0.00156 0.76313 0.76315 0.78318 0.78319 0.89284 1.00000 1
0 0 0 1 0 0 0 0.30000 0.30000 0.00113 0.00156 0.76313 0.76315 0.78318 0.78319 0.89284 1.00000 1
0 0 0 1 0 0 0 0.30000 0.30000 0.00113 0.00156 0.76313 0.76315 0.78318 0.78319 0.89284 1.00000 1
0 0 0 1 0 0 0 0.30000 0.30000 0.00113 0.00156 0.76313 0.76315 0.78318 0.78319 0.89284 1.00000 1
0 0 0 1 0 0 0 0.30000 0.30000 0.00113 0.00156 0.76313 0.76315 0.78318 0.78319 0.89284 1.00000 1
0 0 0 1 0 0 0 0.30000 0.30000 0.00113 0.00156 0.76313 0.76315 0.78318 0.78319 0.89284 1.00000 1
0 0 0 1 0 0 0 0.30000 0.30000 0.00113 0.00156 0.76313 0.76315 0.78318 0.78319 0.89284 1.00000 1
0 0 0 1 0 0 0 0.30000 0.30000 0.00113 0.00156 0.76313 0.76315 0.78318 0.78319 0.89284 1.00000 1
0 0 0 1 0 0 0 0.30000 0.30000 0.00113 0.00156 0.76313 0.76315 0.78318 0.78319 0.89284 1.00000 1
0 0 0 1 0 0 0 0.30000 0.30000 0.00113 0.00156 0.76313 0.76315 0.78318 0.78319 0.89284 1.00000 1
0 0 0 1 0 0 0 0.30000 0.30000 0.00113 0.00156 0.76313 0.76315 0.78318 0.78319 0.89284 1.00000 1
0 0 0 1 0 0 0 0.30000 0.30000 0.00113 0.00156 0.76313 0.76315 0.78318 0.78319 0.89284 1.00000 1
0 0 0 1 0 0 0 0.30000 0.30000 0.00113 0.00156 0.76313 0.76315 0.78318 0.78319 0.89284 1.00000 1
0 0 0 1 0 0 0 0.30000 0.30000 0.00113 0.00156 0.76313 0.76315 0.78318 0.78319 0.89284 1.00000 1
0 0 0 1 0 0 0 0.30000 0.30000 0.00113 0.00156 0.76313 0.76315 0.78318 0.78319 0.89284 1.00000 1
0 0 0 1 0 0 0 0.30000 0.30000 0.00113 0.00156 0.76313 0.76314 0.78318 0.78319 0.89284 1.00000 1
0 0 0 1 0 0 0 0.30000 0.30000 0.00113 0.00156 0.76313 0.76314 0.78318 0.78319 0.89284 1.00000 1
0 0 0 1 0 0 0 0.30000 0.30000 0.00113 0.00156 0.76313 0.76314 0.78318 0.78319 0.89284 1.00000 1
0 0 0 1 0 0 0 0.30000 0.30000 0.00113 0.00156 0.76313 0.76314 0.78318 0.78319 0.89284 1.00000 1
0 0 0 1 0 0 0 0.30000 0.30000 0.00113 0.00156 0.76313 0.76314 0.78318 0.78319 0.89284 1.00000 1
0 0 0 1 0 0 0 0.30000 0.30000 0.00113 0.00156 0.76313 0.76314 0.78318 0.78319 0.89284 1.00000 1
0 0 0 1 0 0 0 0.30000 0.30000 0.00113 0.00156 0.76313 0.76314 0.78318 0.78319 0.89284 1.00000 1
0 0 0 1 0 0 0 0.30000 0.30000 0.00113 0.00156 0.76313 0.76314 0.78318 0.78319 0.89284 1.00000 1
0 0 0 1 0 0 0 0.30000 0.30000 0.00113 0.00156 0.76313 0.76314 0.78318 0.78319 0.89284 1.00000 1
0 0 0 1 0 0 0 0.30000 0.30000 0.00113 0.00156 0.76313 0.76314 0.78318 0.78319 0.89284 1.00000 1
0 0 0 1 0 0 0 0.30000 0.30000 0.00113 0.00156 0.76313 0.76314 0.78318 0.78319 0.89284 1.00000 1
0 0 0 1 0 0 0 0.30000 0.30000 0.00113 0.00156 0.76313 0.76314 0.78318 0.78319 0.89284 1.00000 1
0 0 0 1 0 0 0 0.30000 0.30000 0.00113 0.00156 0.76313 0.76314 0.78318 0.78319 0.89284 1.00000 1
0 0 0 1 0 0 0 0.30000 0.30000 0.00113 0.00156 0.76313 0.76314 0.78318 0.78319 0.89284 1.00000 1
0 0 0 1 0 0 0 0.30000 0.30000 0.00113 0.00156 0.76313 0.76314 0.78318 0.78319 0.89284 1.00000 1
0 0 0 1 0 0 0 0.30000 0.30000 0.00113 0.00156 0.76313 0.76314 0.78318 0.78319 0.89284 1.00000 1
0 0 0 1 0 0 0 0.30000 0.30000 0.00113 0.00156 0.76313 0.76314 0.78318 0.78319 0.89284 1.00000 1
0 0 0 1 0 0 0 0.30000 0.30000 0.00113 0.00156 0.76313 0.76314 0.78318 0.78319 0.89284 1.00000 1
0 0 0 1 0 0 0 0.30000 0.30000 0.00113 0.00156 0.76313 0.76314 0.78318 0.78319 0.89284 1.00000 1
0 0 0 1 0 0 0 0.30000 0.30000 0.00113 0.00156 0.76313 0.76314 0.78318 0.78319 0.89284 1.00000 1
0 0 0 1 0 0 0 0.30000 0.30000 0.00113 0.00156 0.76313 0.76314 0.78318 0.78319 0.89284 1.00000 1
0 0 0 1 0 0 0 0.30000 0.30000 0.00113 0.00156 0.76313 0.76314 0.78318 0.78319 0.89284 1.00000 1
0 0 0 1 0 0 0 0.30000 0.30000 0.00113 0.00156 0.76313 0.76314 0.78318 0.78319 0.89284 1.00000 1
0 0 0 1 0 0 0 0.30000 0.30000 0.00113 0.00156 0.76313 0.76314 0.78318 0.78319 0.89284 1.00000 1
0 0 0 1 0 0 0 0.30000 0.30000 0.00113 0.00156 0.76313 0.76314 0.78318 0.78319 0.89284 1.00000 1
0 0 0 1 0 0 0 0.30000 0.30000 0.00113 0.00156 0.76313 0.76314 0.78318 0.78319 0.89284 1.00000 1
0 0 0 1 0 0 0 0.30000 0.30000 0.00113 0.00156 0.76313 0.76314 0.78318 0.78319 0.89284 1.00000 1
0 0 0 1 0 0 0 0.30000 0.30000 0.00113 0.00156 0.76313 0.76314 0.78318 0.78319 0.89284 1.00000 1
0 0 0 1 0 0 0 0.30000 0.30000 0.00113 0.00156 0.76313 0.76314 0.78318 0.78319 0.89284 1.00000 1
0 0 0 1 0 0 0 0.30000 0.30000 0.00113 0.00156 0.76313 0.76314 0.78318 0.78319 0.89284 1.00000 1
0 0 0 1 0 0 0 0.30000 0.30000 0.00113 0.00156 0.76313 0.76314 0.78318 0.78319 0.89284 1.00000 1
0 0 0 1 0 0 0 0.30000 0.30000 0.00113 0.00156 0.76313 0.76314 0.78318 0.78319 0.89284 1.00000 1
0 0 0 1 0 0 0 0.30000 0.30000 0.00113 0.00156 0.76313 0.76314 0.78318 0.78319 0.89284 1.00000 1
0 0 0 1 0 0 0 0.30000 0.30000 0.00113 0.00156 0.76313 0.76314 0.78318 0.78319 0.89284 1.00000 1
0 0 0 1 0 0 0 0.30000 0.30000 0.00113 0.00156 0.76313 0.76314 0.78318 0.78319 0.89284 1.00000 1
0 0 0 1 0 0 0 0.30000 0.30000 0.00113 0.00156 0.76313 0.76314 0.78318 0.78319 0.89284 1.00000 1
0 0 0 1 0 0 0 0.30000 0.30000 0.00113 0.00156 0.76313 0.76314 0.78318 0.78319 0.89284 1.00000 1
0 0 0 1 0 0 0 0.30000 0.30000 0.00113 0.00156 0.76313 0.76314 0.78318 0.78319 0.89284 1.00000 1
0 0 0 1 0 0 0 0.30000 0.30000 0.00113 0.00156 0.76313 0.76314 0.78318 0.78319 0.89284 1.00000 1
0 0 0 1 0 0 0 0.30000 0.30000 0.00113 0.00156 0.76313 0.76314 0.78318 0.78319 0.89284 1.00000 1
0 0 0 1 0 0 0 0.30000 0.30000 0.00113 0.00156 0.76313 0.76314 0.78318 0.78319 0.89284 1.00000 1
0 0 0 1 0 0 0 0.30000 0.30000 0.00113 0.00156 0.76313 0.76314 0.78318 0.78319 0.89284 1.00000 1
0 0 0 1 0 0 0 0.30000 0.30000 0.00113 0.00156 0.76313 0.76314 0.78318 0.78319 0.89284 1.00000 1
0 0 0 1 0 0 0 0.30000 0.30000 0.00113 0.00156 0.76313 0.76314 0.78318 0.78319 0.89284 1.00000 1
0 0 0 1 0 0 0 0.30000 0.30000 0.00113 0.00156 0.76313 0.76314 0.78318 0.78319 0.89284 1.00000 1
0 0 0 1 0 0 0 0.30000 0.30000 0.00113 0.00156 0.76313 0.76314 0.78318 0.78319 0.89284 1.00000 1
0 0 0 1 0 0 0 0.30000 0.30000 0.00113 0.00156 0.76313 0.76314 0.78318 0.78319 0.89284 1.00000 1
0 0 0 1 0 0 0 0.30000 0.30000 0.00113 0.00156 0.76313 0.76314 0.78318 0.78319 0.89284 1.00000 1
0 0 0 1 0 0 0 0.30000 0.30000 0.00113 0.00156 0.76313 0.76314 0.78318 0.78319 0.89284 1.00000 1
0 0 0 1 0 0 0 0.30000 0.30000 0.00113 0.00156 0.76313 0.76314 0.78318 0.78319 0.89284 1.00000 1
0 0 0 1 0 0 0 0.30000 0.30000 0.00113 0.00156 0.76313 0.76314 0.78318 0.78319 0.89284 1.00000 1
0 0 0 1 0 0 0 0.30000 0.30000 0.00113 0.00156 0.76313 0.76314 0.78318 0.78319 0.89284 1.00000 1
0 0 0 1 0 0 0 0.30000 0.30000 0.00113 0.00156 0.76313 0.76314 0.78318 0.78319 0.89284 1.00000 1
0 0 0 1 0 0 0 0.30000 0.30000 0.00113 0.00156 0.76313 0.76314 0.78318 0.78319 0.89284 1.00000 1
0 0 0 1 0 0 0 0.30000 0.30000 0.00113 0.00156 0.76313 0.76314 0.78318 0.78319 0.89284 1.00000 1
0 0 0 1 0 0 0 0.30000 0.30000 0.00113 0.00156 0.76313 0.76314 0.78318 0.78319 0.89284 1.00000 1
0 0 0 1 0 0 0 0.30000 0.30000 0.00113 0.00156 0.76313 0.76314 0.78318 0.78319 0.89284 1.00000 1
0 0 0 1 0 0 0 0.30000 0.30000 0.00113 0.00156 0.76313 0.76314 0.78318 0.78319 0.89284 1.00000 1
0 0 0 1 0 0 0 0.30000 0.30000 0.00113 0.00156 0.76313 0.76314 0.78318 0.78319 0.89284 1.00000 1
0 0 0 1 0 0 0 0.30000 0.30000 0.00113 0.00156 0.76313 0.76314 0.78318 0.78319 0.89284 1.00000 1
0 0 0 1 0 0 0 0.30000 0.30000 0.00113 0.00156 0.76313 0.76314 0.78318 0.78319 0.89284 1.00000 1
0 0 0 1 0 0 0 0.30000 0.30000 0.00113 0.00156 0.76313 0.76314 0.78318 0.78319 0.89284 1.00000 1
0 0 0 1 0 0 0 0.30000 0.30000 0.00113 0.00156 0.76313 0.76314 0.78318 0.78319 0.89284 1.00000 1
0 0 0 1 0 0 0 0.30000 0.30000 0.00113 0.00156 0.76313 0.76314 0.78318 0.78319 0.89284 1.00000 1
0 0 0 1 0 0 0 0.30000 0.30000 0.00113 0.00156 0.76313 0.76314 0.78318 0.78319 0.89284 1.00000 1
0 0 0 1 0 0 0 0.30000 0.30000 0.00113 0.00156 0.76313 0.76314 0.78318 0.78319 0.89284 1.00000 1
0 0 0 1 0 0 0 0.30000 0.30000 0.00113 0.00156 0.76313 0.76314 0.78318 0.78319 0.89284 1.00000 1
0 0 0 1 0 0 0 0.30000 0.30000 0.00113 0.00156 0.76313 0.76314 0.78318 0.78319 0.89284 1.00000 1
0 0 0 1 0 0 0 0.30000 0.30000 0.00113 0.00156 0.76313 0.76314 0.78318 0.78319 0.89284 1.00000 1
0 0 0 1 0 0 0 0.30000 0.30000 0.00113 0.00156 0.76313 0.76314 0.78318 0.78319 0.89284 1.00000 1
0 0 0 1 0 0 0 0.30000 0.30000 0.00113 0.00156 0.76313 0.76314 0.78318 0.78319 0.89284 1.00000 1
0 0 0 1 0 0 0 0.30000 0.30000 0.00113 0.00156 0.76313 0.76314 0.78318 0.78319 0.89284 1.00000 1
0 0 0 1 0 0 0 0.30000 0.30000 0.00113 0.00156 0.76313 0.76314 0.78318 0.78319 0.89284 1.00000 1
0 0 0 1 0 0 0 0.30000 0.30000 0.00113 0.00156 0.76313 0.76314 0.78318 0.78319 0.89284 1.00000 1
0 0 0 1 0 0 0 0.30000 0.30000 0.00113 0.00156 0.76313 0.76314 0.78318 0.78319 0.89284 1.00000 1
0 0 0 1 0 0 0 0.30000 0.30000 0.00113 0.00156 0.76313 0.76314 0.78318 0.78319 0.89284 1.00000 1
0 0 0 1 0 0 0 0.30000 0.30000 0.00113 0.00156 0.76313 0.76314 0.78318 0.78319 0.89284 1.00000 1
0 0 0 1 0 0 0 0.30000 0.30000 0.00113 0.00156 0.76313 0.76314 0.78318 0.78319 0.89284 1.00000 1
0 0 0 1 0 0 0 0.30000 0.30000 0.00113 0.00156 0.76313 0.76314 0.78318 0.78319 0.89284 1.00000 1
0 0 0 1 0 0 0 0.30000 0.30000 0.00113 0.00156 0.76313 0.76314 0.78318 0.78319 0.89284 1.00000 1
0 0 0 1 0 0 0 0.30000 0.30000 0.00113 0.00156 0.76313 0.76314 0.78318 0.78319 0.89284 1.00000 1
0 0 0 1 0 0 0 0.30000 0.30000 0.00113 0.00156 0.76313 0.76314 0.78318 0.78319 0.89284 1.00000 1
0 0 0 1 0 0 0 0.30000 0.30000 0.00113 0.00156 0.76313 0.76314 0.78318 0.78319 0.89284 1.00000 1
0 0 0 1 0 0 0 0.30000 0.30000 0.00113 0.00156 0.76313 0.76314 0.78318 0.78319 0.89284 1.00000 1
0 0 0 1 0 0 0 0.30000 0.30000 0.00113 0.00156 0.76313 0.76314 0.78318 0.78319 0.89284 1.00000 1
0 0 0 1 0 0 0 0.30000 0.30000 0.00113 0.00156 0.76313 0.76314 0.78318 0.78319 0.89284 1.00000 1
0 0 0 1 0 0 0 0.30000 0.30000 0.00113 0.00156 0.76313 0.76314 0.78318 0.78319 0.89284 1.00000 1
0 0 0 1 0 0 0 0.30000 0.30000 0.00113 0.00156 0.76313 0.76314 0.78318 0.78319 0.89284 1.00000 1
0 0 0 1 0 0 0 0.30000 0.30000 0.00113 0.00156 0.76313 0.76314 0.78318 0.78319 0.89284 1.00000 1
0 0 0 1 0 0 0 0.30000 0.30000 0.00113 0.00156 0.76313 0.76314 0.78318 0.78319 0.89284 1.00000 1
0 0 0 1 0 0 0 0.30000 0.30000 0.00113 0.00156 0.76313 0.76314 0.78318 0.78319 0.89284 1.00000 1
0 0 0 1 0 0 0 0.30000 0.30000 0.00113 0.00156 0.76313 0.76314 0.78318 0.78319 0.89284 1.00000 1
0 0 0 1 0 0 0 0.30000 0.30000 0.00113 0.00156 0.76313 0.76314 0.78318 0.78319 0.89284 1.00000 1
0 0 0 1 0 0 0 0.30000 0.30000 0.00113 0.00156 0.76313 0.76314 0.78318 0.78319 0.89284 1.00000 1
0 0 0 1 0 0 0 0.30000 0.30000 0.00113 0.00156 0.76313 0.76314 0.78318 0.78319 0.89284 1.00000 1
0 0 0 1 0 0 0 0.30000 0.30000 0.00113 0.00156 0.76313 0.76314 0.78318 0.78319 0.89284 1.00000 1
0 0 0 1 0 0 0 0.30000 0.30000 0.00113 0.00156 0.76313 0.76314 0.78318 0.78319 0.89284 1.00000 1
0 0 0 1 0 0 0 0.30000 0.30000 0.00113 0.00156 0.76313 0.76314 0.78318 0.78319 0.89284 1.00000 1
0 0 0 1 0 0 0 0.30000 0.30000 0.00113 0.00156 0.76313 0.76314 0.78318 0.78319 0.89284 1.00000 1
0 0 0 1 0 0 0 0.30000 0.30000 0.00113 0.00156 0.76313 0.76314 0.78318 0.78319 0.89284 1.00000 1
0 0 0 1 0 0 0 0.30000 0.30000 0.00113 0.00156 0.76313 0.76314 0.78318 0.78319 0.89284 1.00000 1
0 0 0 1 0 0 0 0.30000 0.30000 0.00113 0.00156 0.76313 0.76314 0.78318 0.78319 0.89284 1.00000 1
0 0 0 1 0 0 0 0.30000 0.30000 0.00113 0.00156 0.76313 0.76314 0.78318 0.78319 0.89284 1.00000 1
0 0 0 1 0 0 0 0.30000 0.30000 0.00113 0.00156 0.76313 0.76314 0.78318 0.78319 0.89284 1.00000 1
0 0 0 1 0 0 0 0.30000 0.30000 0.00113 0.00156 0.76313 0.76314 0.78318 0.78319 0.89284 1.00000 1
0 0 0 1 0 0 0 0.30000 0.30000 0.00113 0.00156 0.76313 0.76314 0.78318 0.78319 0.89284 1.00000 1
0 0 0 1 0 0 0 0.30000 0.30000 0.00113 0.00156 0.76313 0.76314 0.78318 0.78319 0.89284 1.00000 1
0 0 0 1 0 0 0 0.30000 0.30000 0.00113 0.00156 0.76313 0.76314 0.78318 0.78319 0.89284 1.00000 1
0 0 0 1 0 0 0 0.30000 0.30000 0.00113 0.00156 0.76313 0.76314 0.78318 0.78319 0.89284 1.00000 1
0 0 0 1 0 0 0 0.30000 0.30000 0.00113 0.00156 0.76313 0.76314 0.78318 0.78319 0.89284 1.00000 1
0 0 0 1 0 0 0 0.30000 0.30000 0.00113 0.00156 0.76313 0.76314 0.78318 0.78319 0.89284 1.00000 1
0 0 0 1 0 0 0 0.30000 0.30000 0.00113 0.00156 0.76313 0.76314 0.78318 0.78319 0.89284 1.00000 1
0 0 0 1 0 0 0 0.30000 0.30000 0.00113 0.00156 0.76313 0.76314 0.78318 0.78319 0.89284 1.00000 1
0 0 0 1 0 0 0 0.30000 0.30000 0.00113 0.00156 0.76313 0.76314 0.78318 0.78319 0.89284 1.00000 1
0 0 0 1 0 0 0 0.30000 0.30000 0.00113 0.00156 0.76313 0.76314 0.78318 0.78319 0.89284 1.00000 1
0 0 0 1 0 0 0 0.30000 0.30000 0.00113 0.00156 0.76313 0.76314 0.78318 0.78319 0.89284 1.00000 1
0 0 0 1 0 0 0 0.30000 0.30000 0.00113 0.00156 0.76313 0.76314 0.78318 0.78319 0.89284 1.00000 1
0 0 0 1 0 0 0 0.30000 0.30000 0.00113 0.00156 0.76313 0.76314 0.78318 0.78319 0.89284 1.00000 1
0 0 0 1 0 0 0 0.30000 0.30000 0.00113 0.00156 0.76313 0.76314 0.78318 0.78319 0.89284 1.00000 1
0 0 0 1 0 0 0 0.30000 0.30000 0.00113 0.00156 0.76313 0.76314 0.78318 0.78319 0.89284 1.00000 1
0 0 0 1 0 0 0 0.30000 0.30000 0.00113 0.00156 0.76313 0.76314 0.78318 0.78319 0.89284 1.00000 1
0 0 0 1 0 0 0 0.30000 0.30000 0.00113 0.00156 0.76313 0.76314 0.78318 0.78319 0.89284 1.00000 1
0 0 0 1 0 0 0 0.30000 0.30000 0.00113 0.00156 0.76313 0.76314 0.78318 0.78319 0.89284 1.00000 1
0 0 0 1 0 0 0 0.30000 0.30000 0.00113 0.00156 0.76313 0.76314 0.78318 0.78319 0.89284 1.00000 1
0 0 0 1 0 0 0 0.30000 0.30000 0.00113 0.00156 0.76313 0.76314 0.78318 0.78319 0.89284 1.00000 1
0 0 0 1 0 0 0 0.30000 0.30000 0.00113 0.00156 0.76313 0.76314 0.78318 0.78319 0.89284 1.00000 1
0 0 0 1 0 0 0 0.30000 0.30000 0.00113 0.00156 0.76313 0.76314 0.78318 0.78319 0.89284 1.00000 1
0 0 0 1 0 0 0 0.30000 0.30000 0.00113 0.00156 0.76313 0.76314 0.78318 0.78319 0.89284 1.00000 1
0 0 0 1 0 0 0 0.30000 0.30000 0.00113 0.00156 0.76313 0.76314 0.78318 0.78319 0.89284 1.00000 1
0 0 0 1 0 0 0 0.30000 0.30000 0.00113 0.00156 0.76313 0.76314 0.78318 0.78319 0.89284 1.00000 1
0 0 0 1 0 0 0 0.30000 0.30000 0.00113 0.00156 0.76313 0.76314 0.78318 0.78319 0.89284 1.00000 1
0 0 0 1 0 0 0 0.30000 0.30000 0.00113 0.00156 0.76313 0.76314 0.78318 0.78319 0.89284 1.00000 1
0 0 0 1 0 0 0 0.30000 0.30000 0.00113 0.00156 0.76313 0.76314 0.78318 0.78319 0.89284 1.00000 1
0 0 0 1 0 0 0 0.30000 0.30000 0.00113 0.00156 0.76313 0.76314 0.78318 0.78319 0.89284 1.00000 1
0 0 0 1 0 0 0 0.30000 0.30000 0.00113 0.00156 0.76313 0.76314 0.78318 0.78319 0.89284 1.00000 1
0 0 0 1 0 0 0 0.30000 0.30000 0.00113 0.00156 0.76313 0.76314 0.78318 0.78319 0.89284 1.00000 1
0 0 0 1 0 0 0 0.30000 0.30000 0.00113 0.00156 0.76313 0.76314 0.78318 0.78319 0.89284 1.00000 1
0 0 0 1 0 0 0 0.30000 0.30000 0.00113 0.00156 0.76313 0.76314 0.78318 0.78319 0.89284 1.00000 1
0 0 0 1 0 0 0 0.30000 0.30000 0.00113 0.00156 0.76313 0.76314 0.78318 0.78319 0.89284 1.00000 1
0 0 0 1 0 0 0 0.30000 0.30000 0.00113 0.00156 0.76313 0.76314 0.78318 0.78319 0.89284 1.00000 1
0 0 0 1 0 0 0 0.30000 0.30000 0.00113 0.00156 0.76313 0.76314 0.78318 0.78319 0.89284 1.00000 1
0 0 0 1 0 0 0 0.30000 0.30000 0.00113 0.00156 0.76313 0.76314 0.78318 0.78319 0.89284 1.00000 1
0 0 0 1 0 0 0 0.30000 0.30000 0.00113 0.00156 0.76313 0.76314 0.78318 0.78319 0.89284 1.00000 1
0 0 0 1 0 0 0 0.30000 0.30000 0.00113 0.00156 0.76313 0.76314 0.78318 0.78319 0.89284 1.00000 1
0 0 0 1 0 0 0 0.30000 0.30000 0.00113 0.00156 0.76313 0.76314 0.78318 0.78319 0.89284 1.00000 1
0 0 0 1 0 0 0 0.30000 0.30000 0.00113 0.00156 0.76313 0.76314 0.78318 0.78319 0.89284 1.00000 1
0 0 0 1 0 0 0 0.30000 0.30000 0.00113 0.00156 0.76313 0.76314 0.78318 0.78319 0.89284 1.00000 1
0 0 0 1 0 0 0 0.30000 0.30000 0.00113 0.00156 0.76313 0.76314 0.78318 0.78319 0.89284 1.00000 1
0 0 0 1 0 0 0 0.30000 0.30000 0.00113 0.00156 0.76313 0.76314 0.78318 0.78319 0.89284 1.00000 1
0 0 0 1 0 0 0 0.30000 0.30000 0.00113 0.00156 0.76313 0.76314 0.78318 0.78319 0.89284 1.00000 1
0 0 0 1 0 0 0 0.30000 0.30000 0.00113 0.00156 0.76313 0.76314 0.78318 0.78319 0.89284 1.00000 1
0 0 0 1 0 0 0 0.30000 0.30000 0.00113 0.00156 0.76313 0.76314 0.78318 0.78319 0.89284 1.00000 1
0 0 0 1 0 0 0 0.30000 0.30000 0.00113 0.00156 0.76313 0.76314 0.78318 0.78319 0.89284 1.00000 1
0 0 0 1 0 0 0 0.30000 0.30000 0.00113 0.00156 0.76313 0.76314 0.78318 0.78319 0.89284 1.00000 1
0 0 0 1 0 0 0 0.30000 0.30000 0.00113 0.00156 0.76313 0.76314 0.78318 0.78319 0.89284 1.00000 1
0 0 0 1 0 0 0 0.30000 0.30000 0.00113 0.00156 0.76313 0.76314 0.78318 0.78319 0.89284 1.00000 1
0 0 0 1 0 0 0 0.30000 0.30000 0.00113 0.00156 0.76313 0.76314 0.78318 0.78319 0.89284 1.00000 1
0 0 0 1 0 0 0 0.30000 0.30000 0.00113 0.00156 0.76313 0.76314 0.78318 0.78319 0.89284 1.00000 1
0 0 0 1 0 0 0 0.30000 0.30000 0.00113 0.00156 0.76313 0.76314 0.78318 0.78319 0.89284 1.00000 1
0 0 0 1 0 0 0 0.30000 0.30000 0.00113 0.00156 0.76313 0.76314 0.78318 0.78319 0.89284 1.00000 1
0 0 0 1 0 0 0 0.30000 0.30000 0.00113 0.00156 0.76313 0.76314 0.78318 0.78319 0.89284 1.00000 1
0 0 0 1 0 0 0 0.30000 0.30000 0.00113 0.00156 0.76313 0.76314 0.78318 0.78319 0.89284 1.00000 1
0 0 0 1 0 0 0 0.30000 0.30000 0.00113 0.00156 0.76313 0.76314 0.78318 0.78319 0.89284 1.00000 1
0 0 0 1 0 0 0 0.30000 0.30000 0.00113 0.00156 0.76313 0.76314 0.78318 0.78319 0.89284 1.00000 1
0 0 0 1 0 0 0 0.30000 0.30000 0.00113 0.00156 0.76313 0.76314 0.78318 0.78319 0.89284 1.00000 1
0 0 0 1 0 0 0 0.30000 0.30000 0.00113 0.00156 0.76313 0.76314 0.78318 0.78319 0.89284 1.00000 1
0 0 0 1 0 0 0 0.30000 0.30000 0.00113 0.00156 0.76313 0.76314 0.78318 0.78319 0.89284 1.00000 1
0 0 0 1 0 0 0 0.30000 0.30000 0.00113 0.00156 0.76313 0.76314 0.78318 0.78319 0.89284 1.00000 1
0 0 0 1 0 0 0 0.30000 0.30000 0.00113 0.00156 0.76313 0.76314 0.78318 0.78319 0.89284 1.00000 1
0 0 0 1 0 0 0 0.30000 0.30000 0.00113 0.00156 0.76313 0.76314 0.78318 0.78319 0.89284 1.00000 1
0 0 0 1 0 0 0 0.30000 0.30000 0.00113 0.00156 0.76313 0.76314 0.78318 0.78319 0.89284 1.00000 1
0 0 0 1 0 0 0 0.30000 0.30000 0.00113 0.00156 0.76313 0.76314 0.78318 0.78319 0.89284 1.00000 1
0 0 0 1 0 0 0 0.30000 0.30000 0.00113 0.00156 0.76313 0.76314 0.78318 0.78319 0.89284 1.00000 1
0 0 0 1 0 0 0 0.30000 0.30000 0.00113 0.00156 0.76313 0.76314 0.78318 0.78319 0.89284 1.00000 1
0 0 0 1 0 0 0 0.30000 0.30000 0.00113 0.00156 0.76313 0.76314 0.78318 0.78319 0.89284 1.00000 1
0 0 0 1 0 0 0 0.30000 0.30000 0.00113 0.00156 0.76313 0.76314 0.78318 0.78319 0.89284 1.00000 1
0 0 0 1 0 0 0 0.30000 0.30000 0.00113 0.00156 0.76313 0.76314 0.78318 0.78319 0.89284 1.00000 1
0 0 0 1 0 0 0 0.30000 0.30000 0.00113 0.00156 0.76313 0.76314 0.78318 0.78319 0.89284 1.00000 1
0 0 0 1 0 0 0 0.30000 0.30000 0.00113 0.00156 0.76313 0.76314 0.78318 0.78319 0.89284 1.00000 1
0 0 0 1 0 0 0 0.30000 0.30000 0.00113 0.00156 0.76313 0.76314 0.78318 0.78319 0.89284 1.00000 1
0 0 0 1 0 0 0 0.30000 0.30000 0.00113 0.00156 0.76313 0.76314 0.78318 0.78319 0.89284 1.00000 1
0 0 0 1 0 0 0 0.30000 0.30000 0.00113 0.00156 0.76313 0.76314 0.78318 0.78319 0.89284 1.00000 1
0 0 0 1 0 0 0 0.30000 0.30000 0.00113 0.00156 0.76313 0.76314 0.78318 0.78319 0.89284 1.00000 1
0 0 0 1 0 0 0 0.30000 0.30000 0.00113 0.00156 0.76313 0.76314 0.78318 0.78319 0.89284 1.00000 1
0 0 0 1 0 0 0 0.30000 0.30000 0.00113 0.00156 0.76313 0.76314 0.78318 0.78319 0.89284 1.00000 1
0 0 0 1 0 0 0 0.30000 0.30000 0.00113 0.00156 0.76313 0.76314 0.78318 0.78319 0.89284 1.00000 1
0 0 0 1 0 0 0 0.30000 0.30000 0.00113 0.00156 0.76313 0.76314 0.78318 0.78319 0.89284 1.00000 1
0 0 0 1 0 0 0 0.30000 0.30000 0.00113 0.00156 0.76313 0.76314 0.78318 0.78319 0.89284 1.00000 1
0 0 0 1 0 0 0 0.30000 0.30000 0.00113 0.00156 0.76313 0.76314 0.78318 0.78319 0.89284 1.00000 1
0 0 0 1 0 0 0 0.30000 0.30000 0.00113 0.00156 0.76313 0.76314 0.78318 0.78319 0.89284 1.00000 1
0 0 0 1 0 0 0 0.30000 0.30000 0.00113 0.00156 0.76313 0.76314 0.78318 0.78319 0.89284 1.00000 1
0 0 0 1 0 0 0 0.30000 0.30000 0.00113 0.00156 0.76313 0.76314 0.78318 0.78319 0.89284 1.00000 1
0 0 0 1 0 0 0 0.30000 0.30000 0.00113 0.00156 0.76313 0.76314 0.78318 0.78319 0.89284 1.00000 1
0 0 0 1 0 0 0 0.30000 0.30000 0.00113 0.00156 0.76313 0.76314 0.78318 0.78319 0.89284 1.00000 1
0 0 0 1 0 0 0 0.30000 0.30000 0.00113 0.00156 0.76313 0.76314 0.78318 0.78319 0.89284 1.00000 1
0 0 0 1 0 0 0 0.30000 0.30000 0.00113 0.00156 0.76313 0.76314 0.78318 0.78319 0.89284 1.00000 1
0 0 0 1 0 0 0 0.30000 0.30000 0.00113 0.00156 0.76313 0.76314 0.78318 0.78319 0.89284 1.00000 1
0 0 0 1 0 0 0 0.30000 0.30000 0.00113 0.00156 0.76313 0.76314 0.78318 0.78319 0.89284 1.00000 1
0 0 0 1 0 0 0 0.30000 0.30000 0.00113 0.00156 0.76313 0.76314 0.78318 0.78319 0.89284 1.00000 1
0 0 0 1 0 0 0 0.30000 0.30000 0.00113 0.00156 0.76313 0.76314 0.78318 0.78319 0.89284 1.00000 1
0 0 0 1 0 0 0 0.30000 0.30000 0.00113 0.00156 0.76313 0.76314 0.78318 0.78319 0.89284 1.00000 1
0 0 0 1 0 0 0 0.30000 0.30000 0.00113 0.00156 0.76313 0.76314 0.78318 0.78319 0.89284 1.00000 1
0 0 0 1 0 0 0 0.30000 0.30000 0.00113 0.00156 0.76313 0.76314 0.78318 0.78319 0.89284 1.00000 1
0 0 0 1 0 0 0 0.30000 0.30000 0.00113 0.00156 0.76313 0.76314 0.78318 0.78319 0.89284 1.00000 1
0 0 0 1 0 0 0 0.30000 0.30000 0.00113 0.00156 0.76313 0.76314 0.78318 0.78319 0.89284 1.00000 1
0 0 0 1 0 0 0 0.30000 0.30000 0.00113 0.00156 0.76313 0.76314 0.78318 0.78319 0.89284 1.00000 1
0 0 0 1 0 0 0 0.30000 0.30000 0.00113 0.00156 0.76313 0.76314 0.78318 0.78319 0.89284 1.00000 1
0 0 0 1 0 0 0 0.30000 0.30000 0.00113 0.00156 0.76313 0.76314 0.78318 0.78319 0.89284 1.00000 1
0 0 0 1 0 0 0 0.30000 0.30000 0.00113 0.00156 0.76313 0.76314 0.78318 0.78319 0.89284 1.00000 1
0 0 0 1 0 0 0 0.30000 0.30000 0.00113 0.00156 0.76313 0.76314 0.78318 0.78319 0.89284 1.00000 1
0 0 0 1 0 0 0 0.30000 0.30000 0.00113 0.00156 0.76313 0.76314 0.78318 0.78319 0.89284 1.00000 1
0 0 0 1 0 0 0 0.30000 0.30000 0.00113 0.00156 0.76313 0.76314 0.78318 0.78319 0.89284 1.00000 1
0 0 0 1 0 0 0 0.30000 0.30000 0.00113 0.00156 0.76313 0.76314 0.78318 0.78319 0.89284 1.00000 1
0 0 0 1 0 0 0 0.30000 0.30000 0.00113 0.00156 0.76313 0.76314 0.78318 0.78319 0.89284 1.00000 1
0 0 0 1 0 0 0 0.30000 0.30000 0.00113 0.00156 0.76313 0.76314 0.78318 0.78319 0.89284 1.00000 1
0 0 0 1 0 0 0 0.30000 0.30000 0.00113 0.00156 0.76313 0.76314 0.78318 0.78319 0.89284 1.00000 1
0 0 0 1 0 0 0 0.30000 0.30000 0.00113 0.00156 0.76313 0.76314 0.78318 0.78319 0.89284 1.00000 1
0 0 0 1 0 0 0 0.30000 0.30000 0.00113 0.00156 0.76313 0.76314 0.78318 0.78319 0.89284 1.00000 1
0 0 0 1 0 0 0 0.30000 0.30000 0.00113 0.00156 0.76313 0.76314 0.78318 0.78319 0.89284 1.00000 1
0 0 0 1 0 0 0 0.30000 0.30000 0.00113 0.00156 0.76313 0.76314 0.78318 0.78319 0.89284 1.00000 1
0 0 0 1 0 0 0 0.30000 0.30000 0.00113 0.00156 0.76313 0.76314 0.78318 0.78319 0.89284 1.00000 1
0 0 0 1 0 0 0 0.30000 0.30000 0.00113 0.00156 0.76313 0.76314 0.78318 0.78319 0.89284 1.00000 1
0 0 0 1 0 0 0 0.30000 0.30000 0.00113 0.00156 0.76313 0.76314 0.78318 0.78319 0.89284 1.00000 1
0 0 0 1 0 0 0 0.30000 0.30000 0.00113 0.00156 0.76313 0.76314 0.78318 0.78319 0.89284 1.00000 1
0 0 0 1 0 0 0 0.30000 0.30000 0.00113 0.00156 0.76313 0.76314 0.78318 0.78319 0.89284 1.00000 1
0 0 0 1 0 0 0 0.30000 0.30000 0.00113 0.00156 0.76313 0.76314 0.78318 0.78319 0.89284 1.00000 1
0 0 0 1 0 0 0 0.30000 0.30000 0.00113 0.00156 0.76313 0.76314 0.78318 0.78319 0.89284 1.00000 1
0 0 0 1 0 0 0 0.30000 0.30000 0.00113 0.00156 0.76313 0.76314 0.78318 0.78319 0.89284 1.00000 1
0 0 0 1 0 0 0 0.30000 0.30000 0.00113 0.00156 0.76313 0.76314 0.78318 0.78319 0.89284 1.00000 1
0 0 0 1 0 0 0 0.30000 0.30000 0.00113 0.00156 0.76313 0.76314 0.78318 0.78319 0.89284 1.00000 1
0 0 0 1 0 0 0 0.30000 0.30000 0.00113 0.00156 0.76313 0.76314 0.78318 0.78319 0.89284 1.00000 1
0 0 0 1 0 0 0 0.30000 0.30000 0.00113 0.00156 0.76313 0.76314 0.78318 0.78319 0.89284 1.00000 1
0 0 0 1 0 0 0 0.30000 0.30000 0.00113 0.00156 0.76313 0.76314 0.78318 0.78319 0.89284 1.00000 1
0 0 0 1 0 0 0 0.30000 0.30000 0.00113 0.00156 0.76313 0.76314 0.78318 0.78319 0.89284 1.00000 1
0 0 0 1 0 0 0 0.30000 0.30000 0.00113 0.00156 0.76313 0.76314 0.78318 0.78319 0.89284 1.00000 1
0 0 0 1 0 0 0 0.30000 0.30000 0.00113 0.00156 0.76313 0.76314 0.78318 0.78319 0.89284 1.00000 1
0 0 0 1 0 0 0 0.30000 0.30000 0.00113 0.00156 0.76313 0.76314 0.78318 0.78319 0.89284 1.00000 1
0 0 0 1 0 0 0 0.30000 0.30000 0.00113 0.00156 0.76313 0.76314 0.78318 0.78319 0.89284 1.00000 1
0 0 0 1 0 0 0 0.30000 0.30000 0.00113 0.00156 0.76313 0.76314 0.78318 0.78319 0.89284 1.00000 1
0 0 0 1 0 0 0 0.30000 0.30000 0.00113 0.00156 0.76313 0.76314 0.78318 0.78319 0.89284 1.00000 1
0 0 0 1 0 0 0 0.30000 0.30000 0.00113 0.00156 0.76313 0.76314 0.78318 0.78319 0.89284 1.00000 1
0 0 0 1 0 0 0 0.30000 0.30000 0.00113 0.00156 0.76313 0.76314 0.78318 0.78319 0.89284 1.00000 1
0 0 0 1 0 0 0 0.30000 0.30000 0.00113 0.00156 0.76313 0.76314 0.78318 0.78319 0.89284 1.00000 1
0 0 0 1 0 0 0 0.30000 0.30000 0.00113 0.00156 0.76313 0.76314 0.78318 0.78319 0.89284 1.00000 1
0 0 0 1 0 0 0 0.30000 0.30000 0.00113 0.00156 0.76313 0.76314 0.78318 0.78319 0.89284 1.00000 1
0 0 0 1 0 0 0 0.30000 0.30000 0.00113 0.00156 0.76313 0.76314 0.78318 0.78319 0.89284 1.00000 1
0 0 0 1 0 0 0 0.30000 0.30000 0.00113 0.00156 0.76313 0.76314 0.78318 0.78319 0.89284 1.00000 1
0 0 0 1 0 0 0 0.30000 0.30000 0.00113 0.00156 0.76313 0.76314 0.78318 0.78319 0.89284 1.00000 1
0 0 0 1 0 0 0 0.30000 0.30000 0.00113 0.00156 0.76313 0.76314 0.78318 0.78319 0.89284 1.00000 1
0 0 0 1 0 0 0 0.30000 0.30000 0.00113 0.00156 0.76313 0.76314 0.78318 0.78319 0.89284 1.00000 1
0 0 0 1 0 0 0 0.30000 0.30000 0.00113 0.00156 0.76313 0.76314 0.78318 0.78319 0.89284 1.00000 1
0 0 0 1 0 0 0 0.30000 0.30000 0.00113 0.00156 0.76313 0.76314 0.78318 0.78319 0.89284 1.00000 1
0 0 0 1 0 0 0 0.30000 0.30000 0.00113 0.00156 0.76313 0.76314 0.78318 0.78319 0.89284 1.00000 1
0 0 0 1 0 0 0 0.30000 0.30000 0.00113 0.00156 0.76313 0.76314 0.78318 0.78319 0.89284 1.00000 1
0 0 0 1 0 0 0 0.30000 0.30000 0.00113 0.00156 0.76313 0.76314 0.78318 0.78319 0.89284 1.00000 1
0 0 0 1 0 0 0 0.30000 0.30000 0.00113 0.00156 0.76313 0.76314 0.78318 0.78319 0.89284 1.00000 1
0 0 0 1 0 0 0 0.30000 0.30000 0.00113 0.00156 0.76313 0.76314 0.78318 0.78319 0.89284 1.00000 1
0 0 0 1 0 0 0 0.30000 0.30000 0.00113 0.00156 0.76313 0.76314 0.78318 0.78319 0.89284 1.00000 1
0 0 0 1 0 0 0 0.30000 0.30000 0.00113 0.00156 0.76313 0.76314 0.78318 0.78319 0.89284 1.00000 1
0 0 0 1 0 0 0 0.30000 0.30000 0.00113 0.00156 0.76313 0.76314 0.78318 0.78319 0.89284 1.00000 1
0 0 0 1 0 0 0 0.30000 0.30000 0.00113 0.00156 0.76313 0.76314 0.78318 0.78319 0.89284 1.00000 1
0 0 0 1 0 0 0 0.30000 0.30000 0.00113 0.00156 0.76313 0.76314 0.78318 0.78319 0.89284 1.00000 1
0 0 0 1 0 0 0 0.30000 0.30000 0.00113 0.00156 0.76313 0.76314 0.78318 0.78319 0.89284 1.00000 1
0 0 0 1 0 0 0 0.30000 0.30000 0.00113 0.00156 0.76313 0.76314 0.78318 0.78319 0.89284 1.00000 1
0 0 0 1 0 0 0 0.30000 0.30000 0.00113 0.00156 0.76313 0.76314 0.78318 0.78319 0.89284 1.00000 1
0 0 0 1 0 0 0 0.30000 0.30000 0.00113 0.00156 0.76313 0.76314 0.78318 0.78319 0.89284 1.00000 1
0 0 0 1 0 0 0 0.30000 0.30000 0.00113 0.00156 0.76313 0.76314 0.78318 0.78319 0.89284 1.00000 1
0 0 0 1 0 0 0 0.30000 0.30000 0.00113 0.00156 0.76313 0.76314 0.78318 0.78319 0.89284 1.00000 1
0 0 0 1 0 0 0 0.30000 0.30000 0.00113 0.00156 0.76313 0.76314 0.78318 0.78319 0.89284 1.00000 1
0 0 0 1 0 0 0 0.30000 0.30000 0.00113 0.00156 0.76313 0.76314 0.78318 0.78319 0.89284 1.00000 1
0 0 0 1 0 0 0 0.30000 0.30000 0.00113 0.00156 0.76313 0.76314 0.78318 0.78319 0.89284 1.00000 1
0 0 0 1 0 0 0 0.30000 0.30000 0.00113 0.00156 0.76313 0.76314 0.78318 0.78319 0.89284 1.00000 1
0 0 0 1 0 0 0 0.30000 0.30000 0.00113 0.00156 0.76313 0.76314 0.78318 0.78319 0.89284 1.00000 1
0 0 0 1 0 0 0 0.30000 0.30000 0.00113 0.00156 0.76313 0.76314 0.78318 0.78319 0.89284 1.00000 1
0 0 0 1 0 0 0 0.30000 0.30000 0.00113 0.00156 0.76313 0.76314 0.78318 0.78319 0.89284 1.00000 1
0 0 0 1 0 0 0 0.30000 0.30000 0.00113 0.00156 0.76313 0.76314 0.78318 0.78319 0.89284 1.00000 1
0 0 0 1 0 0 0 0.30000 0.30000 0.00113 0.00156 0.76313 0.76314 0.78318 0.78319 0.89284 1.00000 1
0 0 0 1 0 0 0 0.30000 0.30000 0.00113 0.00156 0.76313 0.76314 0.78318 0.78319 0.89284 1.00000 1
0 0 0 1 0 0 0 0.30000 0.30000 0.00113 0.00156 0.76313 0.76314 0.78318 0.78319 0.89284 1.00000 1
0 0 0 1 0 0 0 0.30000 0.30000 0.00113 0.00156 0.76313 0.76314 0.78318 0.78319 0.89284 1.00000 1
0 0 0 1 0 0 0 0.30000 0.30000 0.00113 0.00156 0.76313 0.76314 0.78318 0.78319 0.89284 1.00000 1
0 0 0 1 0 0 0 0.30000 0.30000 0.00113 0.00156 0.76313 0.76314 0.78318 0.78319 0.89284 1.00000 1
0 0 0 1 0 0 0 0.30000 0.30000 0.00113 0.00156 0.76313 0.76314 0.78318 0.78319 0.89284 1.00000 1
0 0 0 1 0 0 0 0.30000 0.30000 0.00113 0.00156 0.76313 0.76314 0.78318 0.78319 0.89284 1.00000 1
0 0 0 1 0 0 0 0.30000 0.30000 0.00113 0.00156 0.76313 0.76314 0.78318 0.78319 0.89284 1.00000 1
0 0 0 1 0 0 0 0.30000 0.30000 0.00113 0.00156 0.76313 0.76314 0.78318 0.78319 0.89284 1.00000 1
0 0 0 1 0 0 0 0.30000 0.30000 0.00113 0.00156 0.76313 0.76314 0.78318 0.78319 0.89284 1.00000 1
0 0 0 1 0 0 0 0.30000 0.30000 0.00113 0.00156 0.76313 0.76314 0.78318 0.78319 0.89284 1.00000 1
0 0 0 1 0 0 0 0.30000 0.30000 0.00113 0.00156 0.76313 0.76314 0.78318 0.78319 0.89284 1.00000 1
0 0 0 1 0 0 0 0.30000 0.30000 0.00113 0.00156 0.76313 0.76314 0.78318 0.78319 0.89284 1.00000 1
0 0 0 1 0 0 0 0.30000 0.30000 0.00113 0.00156 0.76313 0.76314 0.78318 0.78319 0.89284 1.00000 1
0 0 0 1 0 0 0 0.30000 0.30000 0.00113 0.00156 0.76313 0.76314 0.78318 0.78319 0.89284 1.00000 1
0 0 0 1 0 0 0 0.30000 0.30000 0.00113 0.00156 0.76313 0.76314 0.78318 0.78319 0.89284 1.00000 1
0 0 0 1 0 0 0 0.30000 0.30000 0.00113 0.00156 0.76313 0.76314 0.78318 0.78319 0.89284 1.00000 1
0 0 0 1 0 0 0 0.30000 0.30000 0.00113 0.00156 0.76313 0.76314 0.78318 0.78319 0.89284 1.00000 1
0 0 0 1 0 0 0 0.30000 0.30000 0.00113 0.00156 0.76313 0.76314 0.78318 0.78319 0.89284 1.00000 1
0 0 0 1 0 0 0 0.30000 0.30000 0.00113 0.00156 0.76313 0.76314 0.78318 0.78319 0.89284 1.00000 1
0 0 0 1 0 0 0 0.30000 0.30000 0.00113 0.00156 0.76313 0.76314 0.78318 0.78319 0.89284 1.00000 1
0 0 0 1 0 0 0 0.30000 0.30000 0.00113 0.00156 0.76313 0.76314 0.78318 0.78319 0.89284 1.00000 1
0 0 0 1 0 0 0 0.30000 0.30000 0.00113 0.00156 0.76313 0.76314 0.78318 0.78319 0.89284 1.00000 1
0 0 0 1 0 0 0 0.30000 0.30000 0.00113 0.00156 0.76313 0.76314 0.78318 0.78319 0.89284 1.00000 1
0 0 0 1 0 0 0 0.30000 0.30000 0.00113 0.00156 0.76313 0.76314 0.78318 0.78319 0.89284 1.00000 1
0 0 0 1 0 0 0 0.30000 0.30000 0.00113 0.00156 0.76313 0.76314 0.78318 0.78319 0.89284 1.00000 1
0 0 0 1 0 0 0 0.30000 0.30000 0.00113 0.00156 0.76313 0.76314 0.78318 0.78319 0.89284 1.00000 1
0 0 0 1 0 0 0 0.30000 0.30000 0.00113 0.00156 0.76313 0.76314 0.78318 0.78319 0.89284 1.00000 1
0 0 0 1 0 0 0 0.30000 0.30000 0.00113 0.00156 0.76313 0.76314 0.78318 0.78319 0.89284 1.00000 1
0 0 0 1 0 0 0 0.30000 0.30000 0.00113 0.00156 0.76313 0.76314 0.78318 0.78319 0.89284 1.00000 1
0 0 0 1 0 0 0 0.30000 0.30000 0.00113 0.00156 0.76313 0.76314 0.78318 0.78319 0.89284 1.00000 1
0 0 0 1 0 0 0 0.30000 0.30000 0.00113 0.00156 0.76313 0.76314 0.78318 0.78319 0.89284 1.00000 1
0 0 0 1 0 0 0 0.30000 0.30000 0.00113 0.00156 0.76313 0.76314 0.78318 0.78319 0.89284 1.00000 1
0 0 0 1 0 0 0 0.30000 0.30000 0.00113 0.00156 0.76313 0.76314 0.78318 0.78319 0.89284 1.00000 1
0 0 0 1 0 0 0 0.30000 0.30000 0.00113 0.00156 0.76313 0.76314 0.78318 0.78319 0.89284 1.00000 1
0 0 0 1 0 0 0 0.30000 0.30000 0.00113 0.00156 0.76313 0.76314 0.78318 0.78319 0.89284 1.00000 1
0 0 0 1 0 0 0 0.30000 0.30000 0.00113 0.00156 0.76313 0.76314 0.78318 0.78319 0.89284 1.00000 1
0 0 0 1 0 0 0 0.30000 0.30000 0.00113 0.00156 0.76313 0.76314 0.78318 0.78319 0.89284 1.00000 1
0 0 0 1 0 0 0 0.30000 0.30000 0.00113 0.00156 0.76313 0.76314 0.78318 0.78319 0.89284 1.00000 1
0 0 0 1 0 0 0 0.30000 0.30000 0.00113 0.00156 0.76313 0.76314 0.78318 0.78319 0.89284 1.00000 1
0 0 0 1 0 0 0 0.30000 0.30000 0.00113 0.00156 0.76313 0.76314 0.78318 0.78319 0.89284 1.00000 1
0 0 0 1 0 0 0 0.30000 0.30000 0.00113 0.00156 0.76313 0.76314 0.78318 0.78319 0.89284 1.00000 1
0 0 0 1 0 0 0 0.30000 0.30000 0.00113 0.00156 0.76313 0.76314 0.78318 0.78319 0.89284 1.00000 1
0 0 0 1 0 0 0 0.30000 0.30000 0.00113 0.00156 0.76313 0.76314 0.78318 0.78319 0.89284 1.00000 1
0 0 0 1 0 0 0 0.30000 0.30000 0.00113 0.00156 0.76313 0.76314 0.78318 0.78319 0.89284 1.00000 1
0 0 0 1 0 0 0 0.30000 0.30000 0.00113 0.00156 0.76313 0.76314 0.78318 0.78319 0.89284 1.00000 1
0 0 0 1 0 0 0 0.30000 0.30000 0.00113 0.00156 0.76313 0.76314 0.78318 0.78319 0.89284 1.00000 1
0 0 0 1 0 0 0 0.30000 0.30000 0.00113 0.00156 0.76313 0.76314 0.78318 0.78319 0.89284 1.00000 1
0 0 0 1 0 0 0 0.30000 0.30000 0.00113 0.00156 0.76313 0.76314 0.78318 0.78319 0.89284 1.00000 1
0 0 0 1 0 0 0 0.30000 0.30000 0.00113 0.00156 0.76313 0.76314 0.78318 0.78319 0.89284 1.00000 1
0 0 0 1 0 0 0 0.30000 0.30000 0.00113 0.00156 0.76313 0.76314 0.78318 0.78319 0.89284 1.00000 1
0 0 0 1 0 0 0 0.30000 0.30000 0.00113 0.00156 0.76313 0.76314 0.78318 0.78319 0.89284 1.00000 1
0 0 0 1 0 0 0 0.30000 0.30000 0.00113 0.00156 0.76313 0.76314 0.78318 0.78319 0.89284 1.00000 1
0 0 0 1 0 0 0 0.30000 0.30000 0.00113 0.00156 0.76313 0.76314 0.78318 0.78319 0.89284 1.00000 1
0 0 0 1 0 0 0 0.30000 0.30000 0.00113 0.00156 0.76313 0.76314 0.78318 0.78319 0.89284 1.00000 1
0 0 0 1 0 0 0 0.30000 0.30000 0.00113 0.00156 0.76313 0.76314 0.78318 0.78319 0.89284 1.00000 1
0 0 0 1 0 0 0 0.30000 0.30000 0.00113 0.00156 0.76313 0.76314 0.78318 0.78319 0.89284 1.00000 1
0 0 0 1 0 0 0 0.30000 0.30000 0.00113 0.00156 0.76313 0.76314 0.78318 0.78319 0.89284 1.00000 1
0 0 0 1 0 0 0 0.30000 0.30000 0.00113 0.00156 0.76313 0.76314 0.78318 0.78319 0.89284 1.00000 1
0 0 0 1 0 0 0 0.30000 0.30000 0.00113 0.00156 0.76313 0.76314 0.78318 0.78319 0.89284 1.00000 1
0 0 0 1 0 0 0 0.30000 0.30000 0.00113 0.00156 0.76313 0.76314 0.78318 0.78319 0.89284 1.00000 1
0 0 0 1 0 0 0 0.30000 0.30000 0.00113 0.00156 0.76313 0.76314 0.78318 0.78319 0.89284 1.00000 1
0 0 0 1 0 0 0 0.30000 0.30000 0.00113 0.00156 0.76313 0.76314 0.78318 0.78319 0.89284 1.00000 1
0 0 0 1 0 0 0 0.30000 0.30000 0.00113 0.00156 0.76313 0.76314 0.78318 0.78319 0.89284 1.00000 1
0 0 0 1 0 0 0 0.30000 0.30000 0.00113 0.00156 0.76313 0.76314 0.78318 0.78319 0.89284 1.00000 1
0 0 0 1 0 0 0 0.30000 0.30000 0.00113 0.00156 0.76313 0.76314 0.78318 0.78319 0.89284 1.00000 1
0 0 0 1 0 0 0 0.30000 0.30000 0.00113 0.00156 0.76313 0.76314 0.78318 0.78319 0.89284 1.00000 1
0 0 0 1 0 0 0 0.30000 0.30000 0.00113 0.00156 0.76313 0.76314 0.78318 0.78319 0.89284 1.00000 1
0 0 0 1 0 0 0 0.30000 0.30000 0.00113 0.00156 0.76313 0.76314 0.78318 0.78319 0.89284 1.00000 1
0 0 0 1 0 0 0 0.30000 0.30000 0.00113 0.00156 0.76313 0.76314 0.78318 0.78319 0.89284 1.00000 1
0 0 0 1 0 0 0 0.30000 0.30000 0.00113 0.00156 0.76313 0.76314 0.78318 0.78319 0.89284 1.00000 1
0 0 0 1 0 0 0 0.30000 0.30000 0.00113 0.00156 0.76313 0.76314 0.78318 0.78319 0.89284 1.00000 1
0 0 0 1 0 0 0 0.30000 0.30000 0.00113 0.00156 0.76313 0.76314 0.78318 0.78319 0.89284 1.00000 1
0 0 0 1 0 0 0 0.30000 0.30000 0.00113 0.00156 0.76313 0.76314 0.78318 0.78319 0.89284 1.00000 1
0 0 0 1 0 0 0 0.30000 0.30000 0.00113 0.00156 0.76313 0.76314 0.78318 0.78319 0.89284 1.00000 1
0 0 0 1 0 0 0 0.30000 0.30000 0.00113 0.00156 0.76313 0.76314 0.78318 0.78319 0.89284 1.00000 1
0 0 0 1 0 0 0 0.30000 0.30000 0.00113 0.00156 0.76313 0.76314 0.78318 0.78319 0.89284 1.00000 1
0 0 0 1 0 0 0 0.30000 0.30000 0.00113 0.00156 0.76313 0.76314 0.78318 0.78319 0.89284 1.00000 1
0 0 0 1 0 0 0 0.30000 0.30000 0.00113 0.00156 0.76313 0.76314 0.78318 0.78319 0.89284 1.00000 1
0 0 0 1 0 0 0 0.30000 0.30000 0.00113 0.00156 0.76313 0.76314 0.78318 0.78319 0.89284 1.00000 1
0 0 0 1 0 0 0 0.30000 0.30000 0.00113 0.00156 0.76313 0.76314 0.78318 0.78319 0.89284 1.00000 1
0 0 0 1 0 0 0 0.30000 0.30000 0.00113 0.00156 0.76313 0.76314 0.78318 0.78319 0.89284 1.00000 1
0 0 0 1 0 0 0 0.30000 0.30000 0.00113 0.00156 0.76313 0.76314 0.78318 0.78319 0.89284 1.00000 1
0 0 0 1 0 0 0 0.30000 0.30000 0.00113 0.00156 0.76313 0.76314 0.78318 0.78319 0.89284 1.00000 1
0 0 0 1 0 0 0 0.30000 0.30000 0.00113 0.00156 0.76313 0.76314 0.78318 0.78319 0.89284 1.00000 1
0 0 0 1 0 0 0 0.30000 0.30000 0.00113 0.00156 0.76313 0.76314 0.78318 0.78319 0.89284 1.00000 1
0 0 0 1 0 0 0 0.30000 0.30000 0.00113 0.00156 0.76313 0.76314 0.78318 0.78319 0.89284 1.00000 1
0 0 0 1 0 0 0 0.30000 0.30000 0.00113 0.00156 0.76313 0.76314 0.78318 0.78319 0.89284 1.00000 1
0 0 0 1 0 0 0 0.30000 0.30000 0.00113 0.00156 0.76313 0.76314 0.78318 0.78319 0.89284 1.00000 1
0 0 0 1 0 0 0 0.30000 0.30000 0.00113 0.00156 0.76313 0.76314 0.78318 0.78319 0.89284 1.00000 1
0 0 0 1 0 0 0 0.30000 0.30000 0.00113 0.00156 0.76313 0.76314 0.78318 0.78319 0.89284 1.00000 1
0 0 0 1 0 0 0 0.30000 0.30000 0.00113 0.00156 0.76313 0.76314 0.78318 0.78319 0.89284 1.00000 1
0 0 0 1 0 0 0 0.30000 0.30000 0.00113 0.00156 0.76313 0.76314 0.78318 0.78319 0.89284 1.00000 1
0 0 0 1 0 0 0 0.30000 0.30000 0.00113 0.00156 0.76313 0.76314 0.78318 0.78319 0.89284 1.00000 1
0 0 0 1 0 0 0 0.30000 0.30000 0.00113 0.00156 0.76313 0.76314 0.78318 0.78319 0.89284 1.00000 1
0 0 0 1 0 0 0 0.30000 0.30000 0.00113 0.00156 0.76313 0.76314 0.78318 0.78319 0.89284 1.00000 1
0 0 0 1 0 0 0 0.30000 0.30000 0.00113 0.00156 0.76313 0.76314 0.78318 0.78319 0.89284 1.00000 1
0 0 0 1 0 0 0 0.30000 0.30000 0.00113 0.00156 0.76313 0.76314 0.78318 0.78319 0.89284 1.00000 1
0 0 0 1 0 0 0 0.30000 0.30000 0.00113 0.00156 0.76313 0.76314 0.78318 0.78319 0.89284 1.00000 1
0 0 0 1 0 0 0 0.30000 0.30000 0.00113 0.00156 0.76313 0.76314 0.78318 0.78319 0.89284 1.00000 1
0 0 0 1 0 0 0 0.30000 0.30000 0.00113 0.00156 0.76313 0.76314 0.78318 0.78319 0.89284 1.00000 1
0 0 0 1 0 0 0 0.30000 0.30000 0.00113 0.00156 0.76313 0.76314 0.78318 0.78319 0.89284 1.00000 1
0 0 0 1 0 0 0 0.30000 0.30000 0.00113 0.00156 0.76313 0.76314 0.78318 0.78319 0.89284 1.00000 1
0 0 0 1 0 0 0 0.30000 0.30000 0.00113 0.00156 0.76313 0.76314 0.78318 0.78319 0.89284 1.00000 1
0 0 0 1 0 0 0 0.30000 0.30000 0.00113 0.00156 0.76313 0.76314 0.78318 0.78319 0.89284 1.00000 1
0 0 0 1 0 0 0 0.30000 0.30000 0.00113 0.00156 0.76313 0.76314 0.78318 0.78319 0.89284 1.00000 1
0 0 0 1 0 0 0 0.30000 0.30000 0.00113 0.00156 0.76313 0.76314 0.78318 0.78319 0.89284 1.00000 1
0 0 0 1 0 0 0 0.30000 0.30000 0.00113 0.00156 0.76313 0.76314 0.78318 0.78319 0.89284 1.00000 1
0 0 0 1 0 0 0 0.30000 0.30000 0.00113 0.00156 0.76313 0.76314 0.78318 0.78319 0.89284 1.00000 1
0 0 0 1 0 0 0 0.30000 0.30000 0.00113 0.00156 0.76313 0.76314 0.78318 0.78319 0.89284 1.00000 1
0 0 0 1 0 0 0 0.30000 0.30000 0.00113 0.00156 0.76313 0.76314 0.78318 0.78319 0.89284 1.00000 1
0 0 0 1 0 0 0 0.30000 0.30000 0.00113 0.00156 0.76313 0.76314 0.78318 0.78319 0.89284 1.00000 1
0 0 0 1 0 0 0 0.30000 0.30000 0.00113 0.00156 0.76313 0.76314 0.78318 0.78319 0.89284 1.00000 1
0 0 0 1 0 0 0 0.30000 0.30000 0.00113 0.00156 0.76313 0.76314 0.78318 0.78319 0.89284 1.00000 1
0 0 0 1 0 0 0 0.30000 0.30000 0.00113 0.00156 0.76313 0.76314 0.78318 0.78319 0.89284 1.00000 1
0 0 0 1 0 0 0 0.30000 0.30000 0.00113 0.00156 0.76313 0.76314 0.78318 0.78319 0.89284 1.00000 1
0 0 0 1 0 0 0 0.30000 0.30000 0.00113 0.00156 0.76313 0.76314 0.78318 0.78319 0.89284 1.00000 1
0 0 0 1 0 0 0 0.30000 0.30000 0.00113 0.00156 0.76313 0.76314 0.78318 0.78319 0.89284 1.00000 1
0 0 0 1 0 0 0 0.30000 0.30000 0.00113 0.00156 0.76313 0.76314 0.78318 0.78319 0.89284 1.00000 1
0 0 0 1 0 0 0 0.30000 0.30000 0.00113 0.00156 0.76313 0.76314 0.78318 0.78319 0.89284 1.00000 1
0 0 0 1 0 0 0 0.30000 0.30000 0.00113 0.00156 0.76313 0.76314 0.78318 0.78319 0.89284 1.00000 1
0 0 0 1 0 0 0 0.30000 0.30000 0.00113 0.00156 0.76313 0.76314 0.78318 0.78319 0.89284 1.00000 1
0 0 0 1 0 0 0 0.30000 0.30000 0.00113 0.00156 0.76313 0.76314 0.78318 0.78319 0.89284 1.00000 1
0 0 0 1 0 0 0 0.30000 0.30000 0.00113 0.00156 0.76313 0.76314 0.78318 0.78319 0.89284 1.00000 1
0 0 0 1 0 0 0 0.30000 0.30000 0.00113 0.00156 0.76313 0.76314 0.78318 0.78319 0.89284 1.00000 1
0 0 0 1 0 0 0 0.30000 0.30000 0.00113 0.00156 0.76313 0.76314 0.78318 0.78319 0.89284 1.00000 1
0 0 0 1 0 0 0 0.30000 0.30000 0.00113 0.00156 0.76313 0.76314 0.78318 0.78319 0.89284 1.00000 1
0 0 0 1 0 0 0 0.30000 0.30000 0.00113 0.00156 0.76313 0.76314 0.78318 0.78319 0.89284 1.00000 1
0 0 0 1 0 0 0 0.30000 0.30000 0.00113 0.00156 0.76313 0.76314 0.78318 0.78319 0.89284 1.00000 1
0 0 0 1 0 0 0 0.30000 0.30000 0.00113 0.00156 0.76313 0.76314 0.78318 0.78319 0.89284 1.00000 1
0 0 0 1 0 0 0 0.30000 0.30000 0.00113 0.00156 0.76313 0.76314 0.78318 0.78319 0.89284 1.00000 1
0 0 0 1 0 0 0 0.30000 0.30000 0.00113 0.00156 0.76313 0.76314 0.78318 0.78319 0.89284 1.00000 1
0 0 0 1 0 0 0 0.30000 0.30000 0.00113 0.00156 0.76313 0.76314 0.78318 0.78319 0.89284 1.00000 1
0 0 0 1 0 0 0 0.30000 0.30000 0.00113 0.00156 0.76313 0.76314 0.78318 0.78319 0.89284 1.00000 1
0 0 0 1 0 0 0 0.30000 0.30000 0.00113 0.00156 0.76313 0.76314 0.78318 0.78319 0.89284 1.00000 1
0 0 0 1 0 0 0 0.30000 0.30000 0.00113 0.00156 0.76313 0.76314 0.78318 0.78319 0.89284 1.00000 1
0 0 0 1 0 0 0 0.30000 0.30000 0.00113 0.00156 0.76313 0.76314 0.78318 0.78319 0.89284 1.00000 1
0 0 0 1 0 0 0 0.30000 0.30000 0.00113 0.00156 0.76313 0.76314 0.78318 0.78319 0.89284 1.00000 1
0 0 0 1 0 0 0 0.30000 0.30000 0.00113 0.00156 0.76313 0.76314 0.78318 0.78319 0.89284 1.00000 1
0 0 0 1 0 0 0 0.30000 0.30000 0.00113 0.00156 0.76313 0.76314 0.78318 0.78319 0.89284 1.00000 1
0 0 0 1 0 0 0 0.30000 0.30000 0.00113 0.00156 0.76313 0.76314 0.78318 0.78319 0.89284 1.00000 1
0 0 0 1 0 0 0 0.30000 0.30000 0.00113 0.00156 0.76313 0.76314 0.78318 0.78319 0.89284 1.00000 1
0 0 0 1 0 0 0 0.30000 0.30000 0.00113 0.00156 0.76313 0.76314 0.78318 0.78319 0.89284 1.00000 1
0 0 0 1 0 0 0 0.30000 0.30000 0.00113 0.00156 0.76313 0.76314 0.78318 0.78319 0.89284 1.00000 1
0 0 0 1 0 0 0 0.30000 0.30000 0.00113 0.00156 0.76313 0.76314 0.78318 0.78319 0.89284 1.00000 1
0 0 0 1 0 0 0 0.30000 0.30000 0.00113 0.00156 0.76313 0.76314 0.78318 0.78319 0.89284 1.00000 1
0 0 0 1 0 0 0 0.30000 0.30000 0.00113 0.00156 0.76313 0.76314 0.78318 0.78319 0.89284 1.00000 1
0 0 0 1 0 0 0 0.30000 0.30000 0.00113 0.00156 0.76313 0.76314 0.78318 0.78319 0.89284 1.00000 1
0 0 0 1 0 0 0 0.30000 0.30000 0.00113 0.00156 0.76313 0.76314 0.78318 0.78319 0.89284 1.00000 1
0 0 0 1 0 0 0 0.30000 0.30000 0.00113 0.00156 0.76313 0.76314 0.78318 0.78319 0.89284 1.00000 1
0 0 0 1 0 0 0 0.30000 0.30000 0.00113 0.00156 0.76313 0.76314 0.78318 0.78319 0.89284 1.00000 1
0 0 0 1 0 0 0 0.30000 0.30000 0.00113 0.00156 0.76313 0.76314 0.78318 0.78319 0.89284 1.00000 1
0 0 0 1 0 0 0 0.30000 0.30000 0.00113 0.00156 0.76313 0.76314 0.78318 0.78319 0.89284 1.00000 1
0 0 0 1 0 0 0 0.30000 0.30000 0.00113 0.00156 0.76313 0.76314 0.78318 0.78319 0.89284 1.00000 1
0 0 0 1 0 0 0 0.30000 0.30000 0.00113 0.00156 0.76313 0.76314 0.78318 0.78319 0.89284 1.00000 1
0 0 0 1 0 0 0 0.30000 0.30000 0.00113 0.00156 0.76313 0.76314 0.78318 0.78319 0.89284 1.00000 1
0 0 0 1 0 0 0 0.30000 0.30000 0.00113 0.00156 0.76313 0.76314 0.78318 0.78319 0.89284 1.00000 1
0 0 0 1 0 0 0 0.30000 0.30000 0.00113 0.00156 0.76313 0.76314 0.78318 0.78319 0.89284 1.00000 1
0 0 0 1 0 0 0 0.30000 0.30000 0.00113 0.00156 0.76313 0.76314 0.78318 0.78319 0.89284 1.00000 1
0 0 0 1 0 0 0 0.30000 0.30000 0.00113 0.00156 0.76313 0.76314 0.78318 0.78319 0.89284 1.00000 1
0 0 0 1 0 0 0 0.30000 0.30000 0.00113 0.00156 0.76313 0.76314 0.78318 0.78319 0.89284 1.00000 1
0 0 0 1 0 0 0 0.30000 0.30000 0.00113 0.00156 0.76313 0.76314 0.78318 0.78319 0.89284 1.00000 1
0 0 0 1 0 0 0 0.30000 0.30000 0.00113 0.00156 0.76313 0.76314 0.78318 0.78319 0.89284 1.00000 1
0 0 0 1 0 0 0 0.30000 0.30000 0.00113 0.00156 0.76313 0.76314 0.78318 0.78319 0.89284 1.00000 1
0 0 0 1 0 0 0 0.30000 0.30000 0.00113 0.00156 0.76313 0.76314 0.78318 0.78319 0.89284 1.00000 1
0 0 0 1 0 0 0 0.30000 0.30000 0.00113 0.00156 0.76313 0.76314 0.78318 0.78319 0.89284 1.00000 1
0 0 0 1 0 0 0 0.30000 0.30000 0.00113 0.00156 0.76313 0.76314 0.78318 0.78319 0.89284 1.00000 1
0 0 0 1 0 0 0 0.30000 0.30000 0.00113 0.00156 0.76313 0.76314 0.78318 0.78319 0.89284 1.00000 1
0 0 0 1 0 0 0 0.30000 0.30000 0.00113 0.00156 0.76313 0.76314 0.78318 0.78319 0.89284 1.00000 1
0 0 0 1 0 0 0 0.30000 0.30000 0.00113 0.00156 0.76313 0.76314 0.78318 0.78319 0.89284 1.00000 1
0 0 0 1 0 0 0 0.30000 0.30000 0.00113 0.00156 0.76313 0.76314 0.78318 0.78319 0.89284 1.00000 1
0 0 0 1 0 0 0 0.30000 0.30000 0.00113 0.00156 0.76313 0.76314 0.78318 0.78319 0.89284 1.00000 1
0 0 0 1 0 0 0 0.30000 0.30000 0.00113 0.00156 0.76313 0.76314 0.78318 0.78319 0.89284 1.00000 1
0 0 0 1 0 0 0 0.30000 0.30000 0.00113 0.00156 0.76313 0.76314 0.78318 0.78319 0.89284 1.00000 1
0 0 0 1 0 0 0 0.30000 0.30000 0.00113 0.00156 0.76313 0.76314 0.78318 0.78319 0.89284 1.00000 1
0 0 0 1 0 0 0 0.30000 0.30000 0.00113 0.00156 0.76313 0.76314 0.78318 0.78319 0.89284 1.00000 1
0 0 0 1 0 0 0 0.30000 0.30000 0.00113 0.00156 0.76313 0.76314 0.78318 0.78319 0.89284 1.00000 1
0 0 0 1 0 0 0 0.30000 0.30000 0.00113 0.00156 0.76313 0.76314 0.78318 0.78319 0.89284 1.00000 1
0 0 0 1 0 0 0 0.30000 0.30000 0.00113 0.00156 0.76313 0.76314 0.78318 0.78319 0.89284 1.00000 1
0 0 0 1 0 0 0 0.30000 0.30000 0.00113 0.00156 0.76313 0.76314 0.78318 0.78319 0.89284 1.00000 1
0 0 0 1 0 0 0 0.30000 0.30000 0.00113 0.00156 0.76313 0.76314 0.78318 0.78319 0.89284 1.00000 1
0 0 0 1 0 0 0 0.30000 0.30000 0.00113 0.00156 0.76313 0.76314 0.78318 0.78319 0.89284 1.00000 1
0 0 0 1 0 0 0 0.30000 0.30000 0.00113 0.00156 0.76313 0.76314 0.78318 0.78319 0.89284 1.00000 1
0 0 0 1 0 0 0 0.30000 0.30000 0.00113 0.00156 0.76313 0.76314 0.78318 0.78319 0.89284 1.00000 1
0 0 0 1 0 0 0 0.30000 0.30000 0.00113 0.00156 0.76313 0.76314 0.78318 0.78319 0.89284 1.00000 1
0 0 0 1 0 0 0 0.30000 0.30000 0.00113 0.00156 0.76313 0.76314 0.78318 0.78319 0.89284 1.00000 1
0 0 0 1 0 0 0 0.30000 0.30000 0.00113 0.00156 0.76313 0.76314 0.78318 0.78319 0.89284 1.00000 1
0 0 0 1 0 0 0 0.30000 0.30000 0.00113 0.00156 0.76313 0.76314 0.78318 0.78319 0.89284 1.00000 1
0 0 0 1 0 0 0 0.30000 0.30000 0.00113 0.00156 0.76313 0.76314 0.78318 0.78319 0.89284 1.00000 1
0 0 0 1 0 0 0 0.30000 0.30000 0.00113 0.00156 0.76313 0.76314 0.78318 0.78319 0.89284 1.00000 1
0 0 0 1 0 0 0 0.30000 0.30000 0.00113 0.00156 0.76313 0.76314 0.78318 0.78319 0.89284 1.00000 1
0 0 0 1 0 0 0 0.30000 0.30000 0.00113 0.00156 0.76313 0.76314 0.78318 0.78319 0.89284 1.00000 1
0 0 0 1 0 0 0 0.30000 0.30000 0.00113 0.00156 0.76313 0.76314 0.78318 0.78319 0.89284 1.00000 1
0 0 0 1 0 0 0 0.30000 0.30000 0.00113 0.00156 0.76313 0.76314 0.78318 0.78319 0.89284 1.00000 1
0 0 0 1 0 0 0 0.30000 0.30000 0.00113 0.00156 0.76313 0.76314 0.78318 0.78319 0.89284 1.00000 1
0 0 0 1 0 0 0 0.30000 0.30000 0.00113 0.00156 0.76313 0.76314 0.78318 0.78319 0.89284 1.00000 1
0 0 0 1 0 0 0 0.30000 0.30000 0.00113 0.00156 0.76313 0.76314 0.78318 0.78319 0.89284 1.00000 1
0 0 0 1 0 0 0 0.30000 0.30000 0.00113 0.00156 0.76313 0.76314 0.78318 0.78319 0.89284 1.00000 1
0 0 0 1 0 0 0 0.30000 0.30000 0.00113 0.00156 0.76313 0.76314 0.78318 0.78319 0.89284 1.00000 1
0 0 0 1 0 0 0 0.30000 0.30000 0.00113 0.00156 0.76313 0.76314 0.78318 0.78319 0.89284 1.00000 1
0 0 0 1 0 0 0 0.30000 0.30000 0.00113 0.00156 0.76313 0.76314 0.78318 0.78319 0.89284 1.00000 1
0 0 0 1 0 0 0 0.30000 0.30000 0.00113 0.00156 0.76313 0.76314 0.78318 0.78319 0.89284 1.00000 1
0 0 0 1 0 0 0 0.30000 0.30000 0.00113 0.00156 0.76313 0.76314 0.78318 0.78319 0.89284 1.00000 1
0 0 0 1 0 0 0 0.30000 0.30000 0.00113 0.00156 0.76313 0.76314 0.78318 0.78319 0.89284 1.00000 1
0 0 0 1 0 0 0 0.30000 0.30000 0.00113 0.00156 0.76313 0.76314 0.78318 0.78319 0.89284 1.00000 1
0 0 0 1 0 0 0 0.30000 0.30000 0.00113 0.00156 0.76313 0.76314 0.78318 0.78319 0.89284 1.00000 1
0 0 0 1 0 0 0 0.30000 0.30000 0.00113 0.00156 0.76313 0.76314 0.78318 0.78319 0.89284 1.00000 1
0 0 0 1 0 0 0 0.30000 0.30000 0.00113 0.00156 0.76313 0.76314 0.78318 0.78319 0.89284 1.00000 1
0 0 0 1 0 0 0 0.30000 0.30000 0.00113 0.00156 0.76313 0.76314 0.78318 0.78319 0.89284 1.00000 1
0 0 0 1 0 0 0 0.30000 0.30000 0.00113 0.00156 0.76313 0.76314 0.78318 0.78319 0.89284 1.00000 1
0 0 0 1 0 0 0 0.30000 0.30000 0.00113 0.00156 0.76313 0.76314 0.78318 0.78319 0.89284 1.00000 1
0 0 0 1 0 0 0 0.30000 0.30000 0.00113 0.00156 0.76313 0.76314 0.78318 0.78319 0.89284 1.00000 1
0 0 0 1 0 0 0 0.30000 0.30000 0.00113 0.00156 0.76313 0.76314 0.78318 0.78319 0.89284 1.00000 1
0 0 0 1 0 0 0 0.30000 0.30000 0.00113 0.00156 0.76313 0.76314 0.78318 0.78319 0.89284 1.00000 1
0 0 0 1 0 0 0 0.30000 0.30000 0.00113 0.00156 0.76313 0.76314 0.78318 0.78319 0.89284 1.00000 1
0 0 0 1 0 0 0 0.30000 0.30000 0.00113 0.00156 0.76313 0.76314 0.78318 0.78319 0.89284 1.00000 1
0 0 0 1 0 0 0 0.30000 0.30000 0.00113 0.00156 0.76313 0.76314 0.78318 0.78319 0.89284 1.00000 1
0 0 0 1 0 0 0 0.30000 0.30000 0.00113 0.00156 0.76313 0.76314 0.78318 0.78319 0.89284 1.00000 1
0 0 0 1 0 0 0 0.30000 0.30000 0.00113 0.00156 0.76313 0.76314 0.78318 0.78319 0.89284 1.00000 1
0 0 0 1 0 0 0 0.30000 0.30000 0.00113 0.00156 0.76313 0.76314 0.78318 0.78319 0.89284 1.00000 1
0 0 0 1 0 0 0 0.30000 0.30000 0.00113 0.00156 0.76313 0.76314 0.78318 0.78319 0.89284 1.00000 1
0 0 0 1 0 0 0 0.30000 0.30000 0.00113 0.00156 0.76313 0.76314 0.78318 0.78319 0.89284 1.00000 1
0 0 0 1 0 0 0 0.30000 0.30000 0.00113 0.00156 0.76313 0.76314 0.78318 0.78319 0.89284 1.00000 1
0 0 0 1 0 0 0 0.30000 0.30000 0.00113 0.00156 0.76313 0.76314 0.78318 0.78319 0.89284 1.00000 1
0 0 0 1 0 0 0 0.30000 0.30000 0.00113 0.00156 0.76313 0.76314 0.78318 0.78319 0.89284 1.00000 1
0 0 0 1 0 0 0 0.30000 0.30000 0.00113 0.00156 0.76313 0.76314 0.78318 0.78319 0.89284 1.00000 1
0 0 0 1 0 0 0 0.30000 0.30000 0.00113 0.00156 0.76313 0.76314 0.78318 0.78319 0.89284 1.00000 1
0 0 0 1 0 0 0 0.30000 0.30000 0.00113 0.00156 0.76313 0.76314 0.78318 0.78319 0.89284 1.00000 1
0 0 0 1 0 0 0 0.30000 0.30000 0.00113 0.00156 0.76313 0.76314 0.78318 0.78319 0.89284 1.00000 1
0 0 0 1 0 0 0 0.30000 0.30000 0.00113 0.00156 0.76313 0.76314 0.78318 0.78319 0.89284 1.00000 1
0 0 0 1 0 0 0 0.30000 0.30000 0.00113 0.00156 0.76313 0.76314 0.78318 0.78319 0.89284 1.00000 1
0 0 0 1 0 0 0 0.30000 0.30000 0.00113 0.00156 0.76313 0.76314 0.78318 0.78319 0.89284 1.00000 1
0 0 0 1 0 0 0 0.30000 0.30000 0.00113 0.00156 0.76313 0.76314 0.78318 0.78319 0.89284 1.00000 1
0 0 0 1 0 0 0 0.30000 0.30000 0.00113 0.00156 0.76313 0.76314 0.78318 0.78319 0.89284 1.00000 1
0 0 0 1 0 0 0 0.30000 0.30000 0.00113 0.00156 0.76313 0.76314 0.78318 0.78319 0.89284 1.00000 1
0 0 0 1 0 0 0 0.30000 0.30000 0.00113 0.00156 0.76313 0.76314 0.78318 0.78319 0.89284 1.00000 1
0 0 0 1 0 0 0 0.30000 0.30000 0.00113 0.00156 0.76313 0.76314 0.78318 0.78319 0.89284 1.00000 1
0 0 0 1 0 0 0 0.30000 0.30000 0.00113 0.00156 0.76313 0.76314 0.78318 0.78319 0.89284 1.00000 1
0 0 0 1 0 0 0 0.30000 0.30000 0.00113 0.00156 0.76313 0.76314 0.78318 0.78319 0.89284 1.00000 1
0 0 0 1 0 0 0 0.30000 0.30000 0.00113 0.00156 0.76313 0.76314 0.78318 0.78319 0.89284 1.00000 1
0 0 0 1 0 0 0 0.30000 0.30000 0.00113 0.00156 0.76313 0.76314 0.78318 0.78319 0.89284 1.00000 1
0 0 0 1 0 0 0 0.30000 0.30000 0.00113 0.00156 0.76313 0.76314 0.78318 0.78319 0.89284 1.00000 1
0 0 0 1 0 0 0 0.30000 0.30000 0.00113 0.00156 0.76313 0.76314 0.78318 0.78319 0.89284 1.00000 1
0 0 0 1 0 0 0 0.30000 0.30000 0.00113 0.00156 0.76313 0.76314 0.78318 0.78319 0.89284 1.00000 1
0 0 0 1 0 0 0 0.30000 0.30000 0.00113 0.00156 0.76313 0.76314 0.78318 0.78319 0.89284 1.00000 1
0 0 0 1 0 0 0 0.30000 0.30000 0.00113 0.00156 0.76313 0.76314 0.78318 0.78319 0.89284 1.00000 1
0 0 0 1 0 0 0 0.30000 0.30000 0.00113 0.00156 0.76313 0.76314 0.78318 0.78319 0.89284 1.00000 1
0 0 0 1 0 0 0 0.30000 0.30000 0.00113 0.00156 0.76313 0.76314 0.78318 0.78319 0.89284 1.00000 1
0 0 0 1 0 0 0 0.30000 0.30000 0.00113 0.00156 0.76313 0.76314 0.78318 0.78319 0.89284 1.00000 1
0 0 0 1 0 0 0 0.30000 0.30000 0.00113 0.00156 0.76313 0.76314 0.78318 0.78319 0.89284 1.00000 1
0 0 0 1 0 0 0 0.30000 0.30000 0.00113 0.00156 0.76313 0.76314 0.78318 0.78319 0.89284 1.00000 1
0 0 0 1 0 0 0 0.30000 0.30000 0.00113 0.00156 0.76313 0.76314 0.78318 0.78319 0.89284 1.00000 1
0 0 0 1 0 0 0 0.30000 0.30000 0.00113 0.00156 0.76313 0.76314 0.78318 0.78319 0.89284 1.00000 1
0 0 0 1 0 0 0 0.30000 0.30000 0.00113 0.00156 0.76313 0.76314 0.78318 0.78319 0.89284 1.00000 1
0 0 0 1 0 0 0 0.30000 0.30000 0.00113 0.00156 0.76313 0.76314 0.78318 0.78319 0.89284 1.00000 1
0 0 0 1 0 0 0 0.30000 0.30000 0.00113 0.00156 0.76313 0.76314 0.78318 0.78319 0.89284 1.00000 1
0 0 0 1 0 0 0 0.30000 0.30000 0.00113 0.00156 0.76313 0.76314 0.78318 0.78319 0.89284 1.00000 1
0 0 0 1 0 0 0 0.30000 0.30000 0.00113 0.00156 0.76313 0.76314 0.78318 0.78319 0.89284 1.00000 1
0 0 0 1 0 0 0 0.30000 0.30000 0.00113 0.00156 0.76313 0.76314 0.78318 0.78319 0.89284 1.00000 1
0 0 0 1 0 0 0 0.30000 0.30000 0.00113 0.00156 0.76313 0.76314 0.78318 0.78319 0.89284 1.00000 1
0 0 0 1 0 0 0 0.30000 0.30000 0.00113 0.00156 0.76313 0.76314 0.78318 0.78319 0.89284 1.00000 1
0 0 0 1 0 0 0 0.30000 0.30000 0.00113 0.00156 0.76313 0.76314 0.78318 0.78319 0.89284 1.00000 1
0 0 0 1 0 0 0 0.30000 0.30000 0.00113 0.00156 0.76313 0.76314 0.78318 0.78319 0.89284 1.00000 1
0 0 0 1 0 0 0 0.30000 0.30000 0.00113 0.00156 0.76313 0.76314 0.78318 0.78319 0.89284 1.00000 1
0 0 0 1 0 0 0 0.30000 0.30000 0.00113 0.00156 0.76313 0.76314 0.78318 0.78319 0.89284 1.00000 1
0 0 0 1 0 0 0 0.30000 0.30000 0.00113 0.00156 0.76313 0.76314 0.78318 0.78319 0.89284 1.00000 1
0 0 0 1 0 0 0 0.30000 0.30000 0.00113 0.00156 0.76313 0.76314 0.78318 0.78319 0.89284 1.00000 1
0 0 0 1 0 0 0 0.30000 0.30000 0.00113 0.00156 0.76313 0.76314 0.78318 0.78319 0.89284 1.00000 1
0 0 0 1 0 0 0 0.30000 0.30000 0.00113 0.00156 0.76313 0.76314 0.78318 0.78319 0.89284 1.00000 1
0 0 0 1 0 0 0 0.30000 0.30000 0.00113 0.00156 0.76313 0.76314 0.78318 0.78319 0.89284 1.00000 1
0 0 0 1 0 0 0 0.30000 0.30000 0.00113 0.00156 0.76313 0.76314 0.78318 0.78319 0.89284 1.00000 1
0 0 0 1 0 0 0 0.30000 0.30000 0.00113 0.00156 0.76313 0.76314 0.78318 0.78319 0.89284 1.00000 1
0 0 0 1 0 0 0 0.30000 0.30000 0.00113 0.00156 0.76313 0.76314 0.78318 0.78319 0.89284 1.00000 1
0 0 0 1 0 0 0 0.30000 0.30000 0.00113 0.00156 0.76313 0.76314 0.78318 0.78319 0.89284 1.00000 1
0 0 0 1 0 0 0 0.30000 0.30000 0.00113 0.00156 0.76313 0.76314 0.78318 0.78319 0.89284 1.00000 1
0 0 0 1 0 0 0 0.30000 0.30000 0.00113 0.00156 0.76313 0.76314 0.78318 0.78319 0.89284 1.00000 1
0 0 0 1 0 0 0 0.30000 0.30000 0.00113 0.00156 0.76313 0.76314 0.78318 0.78319 0.89284 1.00000 1
0 0 0 1 0 0 0 0.30000 0.30000 0.00113 0.00156 0.76313 0.76314 0.78318 0.78319 0.89284 1.00000 1
0 0 0 1 0 0 0 0.30000 0.30000 0.00113 0.00156 0.76313 0.76314 0.78318 0.78319 0.89284 1.00000 1
0 0 0 1 0 0 0 0.30000 0.30000 0.00113 0.00156 0.76313 0.76314 0.78318 0.78319 0.89284 1.00000 1
0 0 0 1 0 0 0 0.30000 0.30000 0.00113 0.00156 0.76313 0.76314 0.78318 0.78319 0.89284 1.00000 1
0 0 0 1 0 0 0 0.30000 0.30000 0.00113 0.00156 0.76313 0.76314 0.78318 0.78319 0.89284 1.00000 1
0 0 0 1 0 0 0 0.30000 0.30000 0.00113 0.00156 0.76313 0.76314 0.78318 0.78319 0.89284 1.00000 1
0 0 0 1 0 0 0 0.30000 0.30000 0.00113 0.00156 0.76313 0.76314 0.78318 0.78319 0.89284 1.00000 1
0 0 0 1 0 0 0 0.30000 0.30000 0.00113 0.00156 0.76313 0.76314 0.78318 0.78319 0.89284 1.00000 1
0 0 0 1 0 0 0 0.30000 0.30000 0.00113 0.00156 0.76313 0.76314 0.78318 0.78319 0.89284 1.00000 1
0 0 0 1 0 0 0 0.30000 0.30000 0.00113 0.00156 0.76313 0.76314 0.78318 0.78319 0.89284 1.00000 1
0 0 0 1 0 0 0 0.30000 0.30000 0.00113 0.00156 0.76313 0.76314 0.78318 0.78319 0.89284 1.00000 1
0 0 0 1 0 0 0 0.30000 0.30000 0.00113 0.00156 0.76313 0.76314 0.78318 0.78319 0.89284 1.00000 1
0 0 0 1 0 0 0 0.30000 0.30000 0.00113 0.00156 0.76313 0.76314 0.78318 0.78319 0.89284 1.00000 1
0 0 0 1 0 0 0 0.30000 0.30000 0.00113 0.00156 0.76313 0.76314 0.78318 0.78319 0.89284 1.00000 1
0 0 0 1 0 0 0 0.30000 0.30000 0.00113 0.00156 0.76313 0.76314 0.78318 0.78319 0.89284 1.00000 1
0 0 0 1 0 0 0 0.30000 0.30000 0.00113 0.00156 0.76313 0.76314 0.78318 0.78319 0.89284 1.00000 1
0 0 0 1 0 0 0 0.30000 0.30000 0.00113 0.00156 0.76313 0.76314 0.78318 0.78319 0.89284 1.00000 1
0 0 0 1 0 0 0 0.30000 0.30000 0.00113 0.00156 0.76313 0.76314 0.78318 0.78319 0.89284 1.00000 1
0 0 0 1 0 0 0 0.30000 0.30000 0.00113 0.00156 0.76313 0.76314 0.78318 0.78319 0.89284 1.00000 1
0 0 0 1 0 0 0 0.30000 0.30000 0.00113 0.00156 0.76313 0.76314 0.78318 0.78319 0.89284 1.00000 1
0 0 0 1 0 0 0 0.30000 0.30000 0.00113 0.00156 0.76313 0.76314 0.78318 0.78319 0.89284 1.00000 1
0 0 0 1 0 0 0 0.30000 0.30000 0.00113 0.00156 0.76313 0.76314 0.78318 0.78319 0.89284 1.00000 1
0 0 0 1 0 0 0 0.30000 0.30000 0.00113 0.00156 0.76313 0.76314 0.78318 0.78319 0.89284 1.00000 1
0 0 0 1 0 0 0 0.30000 0.30000 0.00113 0.00156 0.76313 0.76314 0.78318 0.78319 0.89284 1.00000 1
0 0 0 1 0 0 0 0.30000 0.30000 0.00113 0.00156 0.76313 0.76314 0.78318 0.78319 0.89284 1.00000 1
0 0 0 1 0 0 0 0.30000 0.30000 0.00113 0.00156 0.76313 0.76314 0.78318 0.78319 0.89284 1.00000 1
0 0 0 1 0 0 0 0.30000 0.30000 0.00113 0.00156 0.76313 0.76314 0.78318 0.78319 0.89284 1.00000 1
0 0 0 1 0 0 0 0.30000 0.30000 0.00113 0.00156 0.76313 0.76314 0.78318 0.78319 0.89284 1.00000 1
0 0 0 1 0 0 0 0.30000 0.30000 0.00113 0.00156 0.76313 0.76314 0.78318 0.78319 0.89284 1.00000 1
0 0 0 1 0 0 0 0.30000 0.30000 0.00113 0.00156 0.76313 0.76314 0.78318 0.78319 0.89284 1.00000 1
0 0 0 1 0 0 0 0.30000 0.30000 0.00113 0.00156 0.76313 0.76314 0.78318 0.78319 0.89284 1.00000 1
0 0 0 1 0 0 0 0.30000 0.30000 0.00113 0.00156 0.76313 0.76314 0.78318 0.78319 0.89284 1.00000 1
0 0 0 1 0 0 0 0.30000 0.30000 0.00113 0.00156 0.76313 0.76314 0.78318 0.78319 0.89284 1.00000 1
0 0 0 1 0 0 0 0.30000 0.30000 0.00113 0.00156 0.76313 0.76314 0.78318 0.78319 0.89284 1.00000 1
0 0 0 1 0 0 0 0.30000 0.30000 0.00113 0.00156 0.76313 0.76314 0.78318 0.78319 0.89284 1.00000 1
0 0 0 1 0 0 0 0.30000 0.30000 0.00113 0.00156 0.76313 0.76314 0.78318 0.78319 0.89284 1.00000 1
0 0 0 1 0 0 0 0.30000 0.30000 0.00113 0.00156 0.76313 0.76314 0.78318 0.78319 0.89284 1.00000 1
0 0 0 1 0 0 0 0.30000 0.30000 0.00113 0.00156 0.76313 0.76314 0.78318 0.78319 0.89284 1.00000 1
0 0 0 1 0 0 0 0.30000 0.30000 0.00113 0.00156 0.76313 0.76314 0.78318 0.78319 0.89284 1.00000 1
0 0 0 1 0 0 0 0.30000 0.30000 0.00113 0.00156 0.76313 0.76314 0.78318 0.78319 0.89284 1.00000 1
0 0 0 1 0 0 0 0.30000 0.30000 0.00113 0.00156 0.76313 0.76314 0.78318 0.78319 0.89284 1.00000 1
0 0 0 1 0 0 0 0.30000 0.30000 0.00113 0.00156 0.76313 0.76314 0.78318 0.78319 0.89284 1.00000 1
0 0 0 1 0 0 0 0.30000 0.30000 0.00113 0.00156 0.76313 0.76314 0.78318 0.78319 0.89284 1.00000 1
0 0 0 1 0 0 0 0.30000 0.30000 0.00113 0.00156 0.76313 0.76314 0.78318 0.78319 0.89284 1.00000 1
0 0 0 1 0 0 0 0.30000 0.30000 0.00113 0.00156 0.76313 0.76314 0.78318 0.78319 0.89284 1.00000 1
0 0 0 1 0 0 0 0.30000 0.30000 0.00113 0.00156 0.76313 0.76314 0.78318 0.78319 0.89284 1.00000 1
0 0 0 1 0 0 0 0.30000 0.30000 0.00113 0.00156 0.76313 0.76314 0.78318 0.78319 0.89284 1.00000 1
0 0 0 1 0 0 0 0.30000 0.30000 0.00113 0.00156 0.76313 0.76314 0.78318 0.78319 0.89284 1.00000 1
0 0 0 1 0 0 0 0.30000 0.30000 0.00113 0.00156 0.76313 0.76314 0.78318 0.78319 0.89284 1.00000 1
0 0 0 1 0 0 0 0.30000 0.30000 0.00113 0.00156 0.76313 0.76314 0.78318 0.78319 0.89284 1.00000 1
0 0 0 1 0 0 0 0.30000 0.30000 0.00113 0.00156 0.76313 0.76314 0.78318 0.78319 0.89284 1.00000 1
0 0 0 1 0 0 0 0.30000 0.30000 0.00113 0.00156 0.76313 0.76314 0.78318 0.78319 0.89284 1.00000 1
0 0 0 1 0 0 0 0.30000 0.30000 0.00113 0.00156 0.76313 0.76314 0.78318 0.78319 0.89284 1.00000 1
0 0 0 1 0 0 0 0.30000 0.30000 0.00113 0.00156 0.76313 0.76314 0.78318 0.78319 0.89284 1.00000 1
0 0 0 1 0 0 0 0.30000 0.30000 0.00113 0.00156 0.76313 0.76314 0.78318 0.78319 0.89284 1.00000 1
0 0 0 1 0 0 0 0.30000 0.30000 0.00113 0.00156 0.76313 0.76314 0.78318 0.78319 0.89284 1.00000 1
0 0 0 1 0 0 0 0.30000 0.30000 0.00113 0.00156 0.76313 0.76314 0.78318 0.78319 0.89284 1.00000 1
0 0 0 1 0 0 0 0.30000 0.30000 0.00113 0.00156 0.76313 0.76314 0.78318 0.78319 0.89284 1.00000 1
0 0 0 1 0 0 0 0.30000 0.30000 0.00113 0.00156 0.76313 0.76314 0.78318 0.78319 0.89284 1.00000 1
0 0 0 1 0 0 0 0.30000 0.30000 0.00113 0.00156 0.76313 0.76314 0.78318 0.78319 0.89284 1.00000 1
0 0 0 1 0 0 0 0.30000 0.30000 0.00113 0.00156 0.76313 0.76314 0.78318 0.78319 0.89284 1.00000 1
0 0 0 1 0 0 0 0.30000 0.30000 0.00113 0.00156 0.76313 0.76314 0.78318 0.78319 0.89284 1.00000 1
0 0 0 1 0 0 0 0.30000 0.30000 0.00113 0.00156 0.76313 0.76314 0.78318 0.78319 0.89284 1.00000 1
0 0 0 1 0 0 0 0.30000 0.30000 0.00113 0.00156 0.76313 0.76314 0.78318 0.78319 0.89284 1.00000 1
0 0 0 1 0 0 0 0.30000 0.30000 0.00113 0.00156 0.76313 0.76314 0.78318 0.78319 0.89284 1.00000 1
0 0 0 1 0 0 0 0.30000 0.30000 0.00113 0.00156 0.76313 0.76314 0.78318 0.78319 0.89284 1.00000 1
0 0 0 1 0 0 0 0.30000 0.30000 0.00113 0.00156 0.76313 0.76314 0.78318 0.78319 0.89284 1.00000 1
0 0 0 1 0 0 0 0.30000 0.30000 0.00113 0.00156 0.76313 0.76314 0.78318 0.78319 0.89284 1.00000 1
0 0 0 1 0 0 0 0.30000 0.30000 0.00113 0.00156 0.76313 0.76314 0.78318 0.78319 0.89284 1.00000 1
0 0 0 1 0 0 0 0.30000 0.30000 0.00113 0.00156 0.76313 0.76314 0.78318 0.78319 0.89284 1.00000 1
0 0 0 1 0 0 0 0.30000 0.30000 0.00113 0.00156 0.76313 0.76314 0.78318 0.78319 0.89284 1.00000 1
0 0 0 1 0 0 0 0.30000 0.30000 0.00113 0.00156 0.76313 0.76314 0.78318 0.78319 0.89284 1.00000 1
0 0 0 1 0 0 0 0.30000 0.30000 0.00113 0.00156 0.76313 0.76314 0.78318 0.78319 0.89284 1.00000 1
0 0 0 1 0 0 0 0.30000 0.30000 0.00113 0.00156 0.76313 0.76314 0.78318 0.78319 0.89284 1.00000 1
0 0 0 1 0 0 0 0.30000 0.30000 0.00113 0.00156 0.76313 0.76314 0.78318 0.78319 0.89284 1.00000 1
0 0 0 1 0 0 0 0.30000 0.30000 0.00113 0.00156 0.76313 0.76314 0.78318 0.78319 0.89284 1.00000 1
0 0 0 1 0 0 0 0.30000 0.30000 0.00113 0.00156 0.76313 0.76314 0.78318 0.78319 0.89284 1.00000 1
0 0 0 1 0 0 0 0.30000 0.30000 0.00113 0.00156 0.76313 0.76314 0.78318 0.78319 0.89284 1.00000 1
0 0 0 1 0 0 0 0.30000 0.30000 0.00113 0.00156 0.76313 0.76314 0.78318 0.78319 0.89284 1.00000 1
0 0 0 1 0 0 0 0.30000 0.30000 0.00113 0.00156 0.76313 0.76314 0.78318 0.78319 0.89284 1.00000 1
0 0 0 1 0 0 0 0.30000 0.30000 0.00113 0.00156 0.76313 0.76314 0.78318 0.78319 0.89284 1.00000 1
0 0 0 1 0 0 0 0.30000 0.30000 0.00113 0.00156 0.76313 0.76314 0.78318 0.78319 0.89284 1.00000 1
0 0 0 1 0 0 0 0.30000 0.30000 0.00113 0.00156 0.76313 0.76314 0.78318 0.78319 0.89284 1.00000 1
0 0 0 1 0 0 0 0.30000 0.30000 0.00113 0.00156 0.76313 0.76314 0.78318 0.78319 0.89284 1.00000 1
0 0 0 1 0 0 0 0.30000 0.30000 0.00113 0.00156 0.76313 0.76314 0.78318 0.78319 0.89284 1.00000 1
0 0 0 1 0 0 0 0.30000 0.30000 0.00113 0.00156 0.76313 0.76314 0.78318 0.78319 0.89284 1.00000 1
0 0 0 1 0 0 0 0.30000 0.30000 0.00113 0.00156 0.76313 0.76314 0.78318 0.78319 0.89284 1.00000 1
0 0 0 1 0 0 0 0.30000 0.30000 0.00113 0.00156 0.76313 0.76314 0.78318 0.78319 0.89284 1.00000 1
0 0 0 1 0 0 0 0.30000 0.30000 0.00113 0.00156 0.76313 0.76314 0.78318 0.78319 0.89284 1.00000 1
0 0 0 1 0 0 0 0.30000 0.30000 0.00113 0.00156 0.76313 0.76314 0.78318 0.78319 0.89284 1.00000 1
0 0 0 1 0 0 0 0.30000 0.30000 0.00113 0.00156 0.76313 0.76314 0.78318 0.78319 0.89284 1.00000 1
0 0 0 1 0 0 0 0.30000 0.30000 0.00113 0.00156 0.76313 0.76314 0.78318 0.78319 0.89284 1.00000 1
0 0 0 1 0 0 0 0.30000 0.30000 0.00113 0.00156 0.76313 0.76314 0.78318 0.78319 0.89284 1.00000 1
0 0 0 1 0 0 0 0.30000 0.30000 0.00113 0.00156 0.76313 0.76314 0.78318 0.78319 0.89284 1.00000 1
0 0 0 1 0 0 0 0.30000 0.30000 0.00113 0.00156 0.76313 0.76314 0.78318 0.78319 0.89284 1.00000 1
0 0 0 1 0 0 0 0.30000 0.30000 0.00113 0.00156 0.76313 0.76314 0.78318 0.78319 0.89284 1.00000 1
0 0 0 1 0 0 0 0.30000 0.30000 0.00113 0.00156 0.76313 0.76314 0.78318 0.78319 0.89284 1.00000 1
0 0 0 1 0 0 0 0.30000 0.30000 0.00113 0.00156 0.76313 0.76314 0.78318 0.78319 0.89284 1.00000 1
0 0 0 1 0 0 0 0.30000 0.30000 0.00113 0.00156 0.76313 0.76314 0.78318 0.78319 0.89284 1.00000 1
0 0 0 1 0 0 0 0.30000 0.30000 0.00113 0.00156 0.76313 0.76314 0.78318 0.78319 0.89284 1.00000 1
0 0 0 1 0 0 0 0.30000 0.30000 0.00113 0.00156 0.76313 0.76314 0.78318 0.78319 0.89284 1.00000 1
0 0 0 1 0 0 0 0.30000 0.30000 0.00113 0.00156 0.76313 0.76314 0.78318 0.78319 0.89284 1.00000 1
0 0 0 1 0 0 0 0.30000 0.30000 0.00113 0.00156 0.76313 0.76314 0.78318 0.78319 0.89284 1.00000 1
0 0 0 1 0 0 0 0.30000 0.30000 0.00113 0.00156 0.76313 0.76314 0.78318 0.78319 0.89284 1.00000 1
0 0 0 1 0 0 0 0.30000 0.30000 0.00113 0.00156 0.76313 0.76314 0.78318 0.78319 0.89284 1.00000 1
0 0 0 1 0 0 0 0.30000 0.30000 0.00113 0.00156 0.76313 0.76314 0.78318 0.78319 0.89284 1.00000 1
0 0 0 1 0 0 0 0.30000 0.30000 0.00113 0.00156 0.76313 0.76314 0.78318 0.78319 0.89284 1.00000 1
0 0 0 1 0 0 0 0.30000 0.30000 0.00113 0.00156 0.76313 0.76314 0.78318 0.78319 0.89284 1.00000 1
0 0 0 1 0 0 0 0.30000 0.30000 0.00113 0.00156 0.76313 0.76314 0.78318 0.78319 0.89284 1.00000 1
0 0 0 1 0 0 0 0.30000 0.30000 0.00113 0.00156 0.76313 0.76314 0.78318 0.78319 0.89284 1.00000 1
0 0 0 1 0 0 0 0.30000 0.30000 0.00113 0.00156 0.76313 0.76314 0.78318 0.78319 0.89284 1.00000 1
0 0 0 1 0 0 0 0.30000 0.30000 0.00113 0.00156 0.76313 0.76314 0.78318 0.78319 0.89284 1.00000 1
0 0 0 1 0 0 0 0.30000 0.30000 0.00113 0.00156 0.76313 0.76314 0.78318 0.78319 0.89284 1.00000 1
0 0 0 1 0 0 0 0.30000 0.30000 0.00113 0.00156 0.76313 0.76314 0.78318 0.78319 0.89284 1.00000 1
0 0 0 1 0 0 0 0.30000 0.30000 0.00113 0.00156 0.76313 0.76314 0.78318 0.78319 0.89284 1.00000 1
0 0 0 1 0 0 0 0.30000 0.30000 0.00113 0.00156 0.76313 0.76314 0.78318 0.78319 0.89284 1.00000 1
0 0 0 1 0 0 0 0.30000 0.30000 0.00113 0.00156 0.76313 0.76314 0.78318 0.78319 0.89284 1.00000 1
0 0 0 1 0 0 0 0.30000 0.30000 0.00113 0.00156 0.76313 0.76314 0.78318 0.78319 0.89284 1.00000 1
0 0 0 1 0 0 0 0.30000 0.30000 0.00113 0.00156 0.76313 0.76314 0.78318 0.78319 0.89284 1.00000 1
0 0 0 1 0 0 0 0.30000 0.30000 0.00113 0.00156 0.76313 0.76314 0.78318 0.78319 0.89284 1.00000 1
0 0 0 1 0 0 0 0.30000 0.30000 0.00113 0.00156 0.20583 0.76314 0.78318 0.78319 0.89284 1.00000 1
