0.50000 0.50000 -1.00000 0.00000 0.76122 0.76122 0.78165 0.78165 0.80057 0.00000 0
0.00000 0.00000 0.01251 -0.31838 0.75874 0.75874 0.77937 0.77937 0.00000 0.00000 1
0.50071 0.49929 0.00114 0.00060 0.76078 0.76070 0.78130 0.78123 0.89010 1.00000 1
-0.50000 -0.50000 -1.00000 0.00000 0.76810 0.76809 0.78715 0.78715 0.89356 1.00000 0
0.30000 0.30000 -1.00000 0.00000 0.76314 0.00044 0.78318 0.78318 0.89356 1.00000 0
0.05000 0.05000 -1.00000 0.00000 0.00001 0.00000 0.78301 0.78299 0.89356 1.00000 0
0.00000 0.00000 -1.00000 0.00000 0.00000 0.00000 0.78204 0.78204 0.00000 0.00000 0
0.50000 0.50000 -1.00000 0.00000 0.76122 0.76122 0.78165 0.78165 0.80345 0.00000 0
0.00000 0.00000 0.01250 -0.81886 0.76099 0.76274 0.78113 0.78265 0.00000 0.00000 1
0.50085 0.49915 0.00114 0.00074 0.76100 0.76096 0.78147 0.78143 0.89087 1.00000 1
-0.50000 -0.50000 -1.00000 0.00000 0.76608 0.76607 0.78553 0.78552 0.64405 0.00000 0
-0.50000 -0.50000 0.02532 -0.62803 0.76604 0.76603 0.78549 0.78548 0.64029 0.00000 1
0.49917 0.50083 0.00114 -0.00068 0.76862 0.75833 0.78764 0.77871 0.89034 1.00000 1
-0.50000 -0.50000 -1.00000 0.00000 0.76793 0.76772 0.78700 0.78682 0.64430 0.00000 0
-0.50000 -0.50000 0.03524 0.98506 0.76796 0.76872 0.78698 0.78764 0.64058 0.00000 1
0.50171 0.49829 0.00114 0.00166 0.76097 0.76093 0.78145 0.78141 0.89056 1.00000 1
-0.50000 -0.50000 -1.00000 0.00000 0.76608 0.76608 0.78553 0.78553 0.66666 0.00000 0
-0.50000 -0.50000 0.05760 0.94335 0.76603 0.76603 0.78549 0.78549 0.66296 0.00000 1
0.49664 0.50336 0.00113 -0.00372 0.76072 0.76122 0.78121 0.78164 0.89145 1.00000 1
-0.50000 -0.50000 -1.00000 0.00000 0.76609 0.76609 0.78553 0.78553 0.65227 0.00000 0
-0.50000 -0.50000 0.05149 -0.73215 0.76603 0.76603 0.78549 0.78549 0.64852 0.00000 1
0.50098 0.49902 0.00114 0.00088 0.76139 0.76122 0.78179 0.78165 0.89049 1.00000 1
-0.50000 -0.50000 -1.00000 0.00000 0.76788 0.76788 0.78698 0.78698 0.89453 1.00000 0
0.30000 0.30000 -1.00000 0.00000 0.76313 0.00044 0.78318 0.78318 0.89453 1.00000 0
0.05000 -0.02500 -1.00000 0.00000 0.00000 0.00000 0.78279 0.78280 0.89453 1.00000 0
0.00000 0.00000 -1.00000 0.00000 0.00000 0.00000 0.78205 0.78205 0.75251 0.00000 0
0.50000 0.50000 -1.00000 0.00000 0.84990 0.01498 0.85146 0.76585 0.99745 1.00000 0
0.00000 0.00000 0.01251 -0.81838 0.75874 0.75874 0.77937 0.77937 0.00000 0.00000 1
0.50088 0.49912 0.00114 0.00078 0.76100 0.76096 0.78147 0.78143 0.89089 1.00000 1
-0.50000 -0.50000 -1.00000 0.00000 0.76608 0.76607 0.78553 0.78552 0.64387 0.00000 0
-0.50000 -0.50000 0.02496 -0.62350 0.76604 0.76603 0.78549 0.78548 0.64011 0.00000 1
0.49846 0.50154 0.00114 -0.00148 0.75912 0.76169 0.77991 0.78213 0.89048 1.00000 1
-0.50000 -0.50000 -1.00000 0.00000 0.76434 0.76801 0.78414 0.78731 0.65320 0.00000 0
-0.50000 -0.50000 0.05184 -0.70211 0.76334 0.76727 0.78333 0.78673 0.64933 0.00000 1
0.50106 0.49894 0.00114 0.00095 0.76072 0.76068 0.78125 0.78121 0.89011 1.00000 1
-0.50000 -0.50000 -1.00000 0.00000 0.76787 0.76788 0.78697 0.78698 0.89433 1.00000 0
0.30000 0.30000 -1.00000 0.00000 0.76313 0.00044 0.78318 0.78318 0.89433 1.00000 0
-0.02500 0.05000 -1.00000 0.00000 0.00123 0.00172 0.78353 0.78365 0.89433 1.00000 0
0.00000 0.00000 -1.00000 0.00000 0.00000 0.00000 0.78204 0.78203 0.00000 0.00000 0
0.50000 0.50000 -1.00000 0.00000 0.76122 0.76122 0.78165 0.78165 0.80347 0.00000 0
0.00000 0.00000 0.01251 -0.81838 0.75874 0.75874 0.77937 0.77937 0.00000 0.00000 1
0.50088 0.49912 0.00114 0.00078 0.76100 0.76096 0.78147 0.78143 0.89089 1.00000 1
-0.50000 -0.50000 -1.00000 0.00000 0.76608 0.76607 0.78553 0.78552 0.64387 0.00000 0
-0.50000 -0.50000 0.02496 -0.62350 0.76604 0.76603 0.78549 0.78548 0.64011 0.00000 1
0.49846 0.50154 0.00114 -0.00148 0.75912 0.76169 0.77991 0.78213 0.89048 1.00000 1
-0.50000 -0.50000 -1.00000 0.00000 0.76434 0.76801 0.78414 0.78731 0.65320 0.00000 0
-0.50000 -0.50000 0.03623 0.97982 0.76334 0.76727 0.78333 0.78673 0.64933 0.00000 1
0.50087 0.49913 0.00114 0.00076 0.76099 0.76095 0.78146 0.78143 0.89089 1.00000 1
-0.50000 -0.50000 -1.00000 0.00000 0.76608 0.76609 0.78553 0.78553 0.66033 0.00000 0
-0.50000 -0.50000 0.00248 -0.00144 0.76603 0.76603 0.78549 0.78549 0.65663 0.00000 1
0.49837 0.50163 0.00114 -0.00155 0.76195 0.76200 0.78223 0.78226 0.89099 1.00000 1
-0.50000 -0.50000 -1.00000 0.00000 0.76610 0.76610 0.78554 0.78554 0.66364 0.00000 0
-0.50000 -0.50000 0.00245 -0.00192 0.76604 0.76604 0.78549 0.78549 0.65994 0.00000 1
0.49804 0.50196 0.00113 -0.00195 0.76218 0.76223 0.78240 0.78245 0.89061 1.00000 1
-0.50000 -0.50000 -1.00000 0.00000 0.76610 0.76610 0.78554 0.78554 0.66662 0.00000 0
-0.50000 -0.50000 0.04236 0.57051 0.76604 0.76605 0.78550 0.78550 0.66292 0.00000 1
0.50121 0.49879 0.00114 0.00108 0.74654 0.75594 0.76935 0.77740 0.89071 1.00000 1
-0.50000 -0.50000 -1.00000 0.00000 0.76573 0.75328 0.78534 0.77459 0.89370 1.00000 0
0.30000 0.30000 -1.00000 0.00000 0.21444 0.76314 0.78318 0.78319 0.89371 1.00000 0
0.05000 -0.02500 -1.00000 0.00000 0.00092 0.00061 0.78335 0.78328 0.89370 1.00000 0
0.00000 0.00000 -1.00000 0.00000 0.00000 0.00000 0.78204 0.78203 0.00000 0.00000 0
0.50000 0.50000 -1.00000 0.00000 0.76122 0.76122 0.78165 0.78165 0.80356 0.00000 0
0.00000 0.00000 0.01251 -0.81838 0.75874 0.75874 0.77937 0.77937 0.00000 0.00000 1
0.50088 0.49912 0.00114 0.00078 0.76100 0.76096 0.78147 0.78143 0.89089 1.00000 1
-0.50000 -0.50000 -1.00000 0.00000 0.76608 0.76607 0.78553 0.78552 0.64387 0.00000 0
-0.50000 -0.50000 0.00259 0.00201 0.76604 0.76603 0.78549 0.78548 0.64011 0.00000 1
0.50603 0.49397 0.00113 0.00552 0.76087 0.76090 0.78136 0.78139 0.89049 1.00000 1
-0.50000 -0.50000 -1.00000 0.00000 0.76609 0.76608 0.78553 0.78552 0.64382 0.00000 0
-0.50000 -0.50000 0.00259 -0.00846 0.76604 0.76603 0.78549 0.78548 0.64006 0.00000 1
0.50060 0.49940 0.00114 0.00053 0.76092 0.76092 0.78141 0.78140 0.89085 1.00000 1
-0.50000 -0.50000 -1.00000 0.00000 0.76609 0.76608 0.78553 0.78552 0.63742 0.00000 0
-0.50000 -0.50000 0.02904 0.89785 0.76604 0.76603 0.78549 0.78548 0.63365 0.00000 1
0.50187 0.49813 0.00114 0.00161 0.75523 0.76620 0.77614 0.78564 0.89078 1.00000 1
-0.50000 -0.50000 -1.00000 0.00000 0.77369 0.76861 0.79171 0.78727 0.89414 1.00000 0
0.30000 0.30000 -1.00000 0.00000 0.20934 0.76314 0.78318 0.78319 0.89414 1.00000 0
-0.02500 0.05000 -1.00000 0.00000 0.00000 0.00000 0.78276 0.78275 0.89414 1.00000 0
0.00000 0.00000 -1.00000 0.00000 0.00000 0.00000 0.78206 0.78205 0.00000 0.00000 0
0.50000 0.50000 -1.00000 0.00000 0.76122 0.76122 0.78165 0.78165 0.80281 0.00000 0
0.00000 0.00000 0.01251 -0.81838 0.75874 0.75874 0.77937 0.77937 0.00000 0.00000 1
0.50088 0.49912 0.00114 0.00078 0.76100 0.76096 0.78147 0.78143 0.89089 1.00000 1
-0.50000 -0.50000 -1.00000 0.00000 0.76608 0.76607 0.78553 0.78552 0.64387 0.00000 0
-0.50000 -0.50000 0.02496 -0.62350 0.76604 0.76603 0.78549 0.78548 0.64011 0.00000 1
0.49846 0.50154 0.00114 -0.00148 0.75912 0.76169 0.77991 0.78213 0.89048 1.00000 1
-0.50000 -0.50000 -1.00000 0.00000 0.76434 0.76801 0.78414 0.78731 0.65320 0.00000 0
-0.50000 -0.50000 0.00253 -0.00329 0.76334 0.76727 0.78333 0.78673 0.64933 0.00000 1
0.49579 0.50421 0.00113 -0.00419 0.76166 0.76197 0.78197 0.78224 0.89048 1.00000 1
-0.50000 -0.50000 -1.00000 0.00000 0.76610 0.76610 0.78554 0.78554 0.64847 0.00000 0
-0.50000 -0.50000 0.00256 -0.00145 0.76604 0.76604 0.78549 0.78550 0.64471 0.00000 1
0.49510 0.50490 0.00112 -0.00444 0.76114 0.76129 0.78158 0.78170 0.89232 1.00000 1
-0.50000 -0.50000 -1.00000 0.00000 0.76609 0.76609 0.78553 0.78554 0.63755 0.00000 0
-0.50000 -0.50000 0.05626 -0.72029 0.76603 0.76604 0.78549 0.78549 0.63378 0.00000 1
0.50105 0.49895 0.00114 0.00094 0.76115 0.76116 0.78159 0.78160 0.89000 1.00000 1
-0.50000 -0.50000 -1.00000 0.00000 0.76792 0.76831 0.78699 0.78732 0.89421 1.00000 0
0.30000 0.30000 -1.00000 0.00000 0.76313 0.00044 0.78318 0.78318 0.89421 1.00000 0
0.05000 -0.02500 -1.00000 0.00000 0.00052 0.00049 0.78322 0.78321 0.89421 1.00000 0
0.00000 0.00000 -1.00000 0.00000 0.00000 0.00000 0.78205 0.78204 0.00000 0.00000 0
0.50000 0.50000 -1.00000 0.00000 0.76122 0.76122 0.78165 0.78165 0.80247 0.00000 0
0.00000 0.00000 0.01251 -0.81838 0.75874 0.75874 0.77937 0.77937 0.00000 0.00000 1
0.50088 0.49912 0.00114 0.00078 0.76100 0.76096 0.78147 0.78143 0.89089 1.00000 1
-0.50000 -0.50000 -1.00000 0.00000 0.76608 0.76607 0.78553 0.78552 0.64387 0.00000 0
-0.50000 -0.50000 0.02410 0.87040 0.76604 0.76603 0.78549 0.78548 0.64011 0.00000 1
0.50093 0.49907 0.00114 0.00078 0.75834 0.76818 0.77875 0.78727 0.89030 1.00000 1
-0.50000 -0.50000 -1.00000 0.00000 0.76873 0.76903 0.78765 0.78790 0.89387 1.00000 0
0.30000 0.30000 -1.00000 0.00000 0.20955 0.76314 0.78318 0.78318 0.89387 1.00000 0
-0.02500 0.05000 -1.00000 0.00000 0.00000 0.00000 0.78299 0.78300 0.89387 1.00000 0
0.00000 0.00000 -1.00000 0.00000 0.00000 0.00000 0.78206 0.78205 0.00000 0.00000 0
0.50000 0.50000 -1.00000 0.00000 0.76122 0.76122 0.78165 0.78165 0.80304 0.00000 0
0.00000 0.00000 0.01251 -0.31838 0.75874 0.75874 0.77937 0.77937 0.00000 0.00000 1
0.50071 0.49929 0.00114 0.00060 0.76078 0.76070 0.78130 0.78123 0.89010 1.00000 1
-0.50000 -0.50000 -1.00000 0.00000 0.76810 0.76809 0.78715 0.78715 0.89356 1.00000 0
0.30000 0.30000 -1.00000 0.00000 0.76314 0.00044 0.78318 0.78318 0.89356 1.00000 0
0.05000 0.05000 -1.00000 0.00000 0.00001 0.00000 0.78301 0.78299 0.89356 1.00000 0
0.00000 0.00000 -1.00000 0.00000 0.00000 0.00000 0.78204 0.78204 0.00000 0.00000 0
0.50000 0.50000 -1.00000 0.00000 0.76122 0.76122 0.78165 0.78165 0.80345 0.00000 0
0.00000 0.00000 0.01251 -0.81838 0.75874 0.75874 0.77937 0.77937 0.00000 0.00000 1
0.50088 0.49912 0.00114 0.00078 0.76100 0.76096 0.78147 0.78143 0.89089 1.00000 1
-0.50000 -0.50000 -1.00000 0.00000 0.76608 0.76607 0.78553 0.78552 0.64387 0.00000 0
-0.50000 -0.50000 0.02496 -0.62350 0.76604 0.76603 0.78549 0.78548 0.64011 0.00000 1
0.49846 0.50154 0.00114 -0.00148 0.75912 0.76169 0.77991 0.78213 0.89048 1.00000 1
-0.50000 -0.50000 -1.00000 0.00000 0.76434 0.76801 0.78414 0.78731 0.65320 0.00000 0
-0.50000 -0.50000 0.05184 -0.70211 0.76334 0.76727 0.78333 0.78673 0.64933 0.00000 1
0.50106 0.49894 0.00114 0.00095 0.76072 0.76068 0.78125 0.78121 0.89011 1.00000 1
-0.50000 -0.50000 -1.00000 0.00000 0.76787 0.76788 0.78697 0.78698 0.89433 1.00000 0
0.30000 0.30000 -1.00000 0.00000 0.76313 0.00044 0.78318 0.78318 0.89433 1.00000 0
-0.02500 0.05000 -1.00000 0.00000 0.00123 0.00172 0.78353 0.78365 0.89433 1.00000 0
0.00000 0.00000 -1.00000 0.00000 0.00000 0.00000 0.78204 0.78203 0.00000 0.00000 0
0.50000 0.50000 -1.00000 0.00000 0.76122 0.76122 0.78165 0.78165 0.80347 0.00000 0
