-0.02500 0.05000 0.00113 0.00156 0.20718 0.76314 0.78318 0.78319 0.89284 1.00000 1
-0.02500 0.05000 0.00113 0.00156 0.20821 0.76392 0.78380 0.78380 0.89284 1.00000 1
-0.02500 0.05000 0.00113 0.00156 0.20891 0.76543 0.78501 0.78501 0.89284 1.00000 1
-0.02500 0.05000 0.00113 0.00156 0.20930 0.76759 0.78674 0.78674 0.89284 1.00000 1
-0.02500 0.05000 0.00113 0.00156 0.77027 0.77027 0.78889 0.78889 0.89283 1.00000 1
0.05000 0.05000 0.00113 0.00156 0.77331 0.77331 0.79133 0.79133 0.89283 1.00000 1
0.05000 0.05000 0.00113 0.00156 0.77638 0.77637 0.79381 0.79380 0.89282 1.00000 1
0.05000 0.05000 0.00113 0.00156 0.77821 0.77924 0.79525 0.79615 0.89283 1.00000 1
0.05000 0.05000 0.00113 0.00156 0.77898 0.78166 0.79580 0.79817 0.89283 1.00000 1
0.05000 0.05000 0.00113 0.00156 0.77890 0.78350 0.79565 0.79971 0.89283 1.00000 1
0.05000 0.05000 0.00113 0.00156 0.77828 0.78468 0.79507 0.80072 0.89283 1.00000 1
0.05000 0.05000 0.00113 0.00156 0.77737 0.78470 0.79429 0.80075 0.89284 1.00000 1
0.05000 0.05000 0.00113 0.00156 0.77650 0.78411 0.79357 0.80027 0.89284 1.00000 1
0.05000 0.05000 0.00113 0.00156 0.77560 0.78305 0.79285 0.79941 0.89284 1.00000 1
0.05000 0.05000 0.00113 0.00156 0.77465 0.78159 0.79210 0.79820 0.89284 1.00000 1
0.05000 0.05000 0.00113 0.00156 0.21368 0.77977 0.79130 0.79671 0.89284 1.00000 1
-0.02500 0.05000 0.00113 0.00156 0.21419 0.77767 0.79043 0.79499 0.89284 1.00000 1
-0.02500 0.05000 0.00113 0.00156 0.21458 0.77561 0.78969 0.79330 0.89284 1.00000 1
-0.02500 0.05000 0.00113 0.00156 0.21489 0.77360 0.78902 0.79166 0.89284 1.00000 1
-0.02500 0.05000 0.00113 0.00156 0.21516 0.77159 0.78834 0.79002 0.89283 1.00000 1
-0.02500 0.05000 0.00113 0.00156 0.21541 0.76961 0.78762 0.78841 0.89283 1.00000 1
-0.02500 0.05000 0.00113 0.00156 0.21565 0.76767 0.78685 0.78683 0.89283 1.00000 1
-0.02500 0.05000 0.00113 0.00156 0.21589 0.76580 0.78603 0.78532 0.89283 1.00000 1
-0.02500 0.05000 0.00113 0.00156 0.21613 0.76403 0.78517 0.78389 0.89283 1.00000 1
-0.02500 0.05000 0.00113 0.00156 0.21637 0.76239 0.78429 0.78257 0.89283 1.00000 1
-0.02500 0.05000 0.00113 0.00156 0.21659 0.76091 0.78339 0.78138 0.89283 1.00000 1
-0.02500 0.05000 0.00113 0.00156 0.21681 0.75962 0.78251 0.78034 0.89284 1.00000 1
-0.02500 0.05000 0.00113 0.00156 0.21700 0.75851 0.78167 0.77945 0.89284 1.00000 1
-0.02500 0.05000 0.00113 0.00156 0.21717 0.75762 0.78090 0.77874 0.89284 1.00000 1
-0.02500 0.05000 0.00113 0.00156 0.21730 0.75694 0.78020 0.77820 0.89284 1.00000 1
-0.02500 0.05000 0.00113 0.00156 0.21740 0.75647 0.77960 0.77782 0.89284 1.00000 1
-0.02500 0.05000 0.00113 0.00156 0.21746 0.75621 0.77912 0.77762 0.89284 1.00000 1
-0.02500 0.05000 0.00113 0.00156 0.21749 0.75614 0.77877 0.77757 0.89284 1.00000 1
-0.02500 0.05000 0.00113 0.00156 0.21747 0.75626 0.77855 0.77766 0.89284 1.00000 1
-0.02500 0.05000 0.00113 0.00156 0.21741 0.75654 0.77846 0.77789 0.89284 1.00000 1
-0.02500 0.05000 0.00113 0.00156 0.21731 0.75696 0.77851 0.77823 0.89284 1.00000 1
-0.02500 0.05000 0.00113 0.00156 0.21717 0.75751 0.77868 0.77867 0.89284 1.00000 1
-0.02500 0.05000 0.00113 0.00156 0.21701 0.75815 0.77897 0.77919 0.89284 1.00000 1
-0.02500 0.05000 0.00113 0.00156 0.21681 0.75886 0.77936 0.77977 0.89284 1.00000 1
-0.02500 0.05000 0.00113 0.00156 0.21659 0.75963 0.77983 0.78038 0.89284 1.00000 1
-0.02500 0.05000 0.00113 0.00156 0.21635 0.76042 0.78036 0.78102 0.89284 1.00000 1
-0.02500 0.05000 0.00113 0.00156 0.21610 0.76122 0.78095 0.78166 0.89284 1.00000 1
-0.02500 0.05000 0.00113 0.00156 0.21584 0.76201 0.78156 0.78230 0.89284 1.00000 1
-0.02500 0.05000 0.00113 0.00156 0.21558 0.76276 0.78217 0.78290 0.89284 1.00000 1
-0.02500 0.05000 0.00113 0.00156 0.21532 0.76346 0.78278 0.78347 0.89284 1.00000 1
-0.02500 0.05000 0.00113 0.00156 0.21507 0.76410 0.78336 0.78398 0.89284 1.00000 1
-0.02500 0.05000 0.00113 0.00156 0.21483 0.76467 0.78389 0.78444 0.89284 1.00000 1
-0.02500 0.05000 0.00113 0.00156 0.21461 0.76516 0.78437 0.78483 0.89284 1.00000 1
-0.02500 0.05000 0.00113 0.00156 0.21440 0.76557 0.78479 0.78515 0.89284 1.00000 1
-0.02500 0.05000 0.00113 0.00156 0.21421 0.76588 0.78513 0.78540 0.89284 1.00000 1
-0.02500 0.05000 0.00113 0.00156 0.21404 0.76611 0.78540 0.78558 0.89284 1.00000 1
-0.02500 0.05000 0.00113 0.00156 0.21390 0.76624 0.78559 0.78569 0.89284 1.00000 1
-0.02500 0.05000 0.00113 0.00156 0.21377 0.76630 0.78570 0.78573 0.89284 1.00000 1
-0.02500 0.05000 0.00113 0.00156 0.21367 0.76627 0.78573 0.78570 0.89284 1.00000 1
-0.02500 0.05000 0.00113 0.00156 0.21358 0.76617 0.78570 0.78562 0.89284 1.00000 1
-0.02500 0.05000 0.00113 0.00156 0.21351 0.76600 0.78559 0.78548 0.89284 1.00000 1
-0.02500 0.05000 0.00113 0.00156 0.21346 0.76578 0.78544 0.78530 0.89284 1.00000 1
-0.02500 0.05000 0.00113 0.00156 0.21341 0.76551 0.78523 0.78508 0.89284 1.00000 1
-0.02500 0.05000 0.00113 0.00156 0.21338 0.76520 0.78499 0.78483 0.89284 1.00000 1
-0.02500 0.05000 0.00113 0.00156 0.21335 0.76487 0.78471 0.78456 0.89284 1.00000 1
-0.02500 0.05000 0.00113 0.00156 0.21333 0.76452 0.78442 0.78428 0.89284 1.00000 1
-0.02500 0.05000 0.00113 0.00156 0.21330 0.76416 0.78411 0.78399 0.89284 1.00000 1
-0.02500 0.05000 0.00113 0.00156 0.21328 0.76381 0.78381 0.78371 0.89284 1.00000 1
-0.02500 0.05000 0.00113 0.00156 0.21324 0.76346 0.78351 0.78343 0.89284 1.00000 1
-0.02500 0.05000 0.00113 0.00156 0.21320 0.76313 0.78322 0.78317 0.89284 1.00000 1
-0.02500 0.05000 0.00113 0.00156 0.21315 0.76283 0.78296 0.78293 0.89284 1.00000 1
-0.02500 0.05000 0.00113 0.00156 0.21308 0.76256 0.78272 0.78271 0.89284 1.00000 1
-0.02500 0.05000 0.00113 0.00156 0.21301 0.76231 0.78251 0.78252 0.89284 1.00000 1
-0.02500 0.05000 0.00113 0.00156 0.21292 0.76211 0.78233 0.78236 0.89284 1.00000 1
-0.02500 0.05000 0.00113 0.00156 0.21281 0.76195 0.78218 0.78223 0.89284 1.00000 1
-0.02500 0.05000 0.00113 0.00156 0.21269 0.76182 0.78208 0.78214 0.89284 1.00000 1
-0.02500 0.05000 0.00113 0.00156 0.21256 0.76174 0.78200 0.78207 0.89284 1.00000 1
-0.02500 0.05000 0.00113 0.00156 0.21241 0.76170 0.78196 0.78204 0.89284 1.00000 1
-0.02500 0.05000 0.00113 0.00156 0.21225 0.76169 0.78196 0.78203 0.89284 1.00000 1
-0.02500 0.05000 0.00113 0.00156 0.21207 0.76172 0.78198 0.78206 0.89284 1.00000 1
-0.02500 0.05000 0.00113 0.00156 0.21188 0.76178 0.78203 0.78210 0.89284 1.00000 1
-0.02500 0.05000 0.00113 0.00156 0.21169 0.76187 0.78211 0.78218 0.89284 1.00000 1
-0.02500 0.05000 0.00113 0.00156 0.21148 0.76198 0.78220 0.78227 0.89284 1.00000 1
-0.02500 0.05000 0.00113 0.00156 0.21126 0.76212 0.78232 0.78237 0.89284 1.00000 1
-0.02500 0.05000 0.00113 0.00156 0.21104 0.76227 0.78244 0.78249 0.89284 1.00000 1
-0.02500 0.05000 0.00113 0.00156 0.21082 0.76243 0.78257 0.78262 0.89284 1.00000 1
-0.02500 0.05000 0.00113 0.00156 0.21059 0.76260 0.78271 0.78276 0.89284 1.00000 1
-0.02500 0.05000 0.00113 0.00156 0.21035 0.76277 0.78285 0.78289 0.89284 1.00000 1
-0.02500 0.05000 0.00113 0.00156 0.21012 0.76293 0.78299 0.78302 0.89284 1.00000 1
-0.02500 0.05000 0.00113 0.00156 0.20989 0.76310 0.78312 0.78315 0.89284 1.00000 1
-0.02500 0.05000 0.00113 0.00156 0.20966 0.76325 0.78324 0.78328 0.89284 1.00000 1
-0.02500 0.05000 0.00113 0.00156 0.20943 0.76339 0.78336 0.78339 0.89284 1.00000 1
-0.02500 0.05000 0.00113 0.00156 0.20920 0.76352 0.78346 0.78349 0.89284 1.00000 1
-0.02500 0.05000 0.00113 0.00156 0.20897 0.76363 0.78354 0.78358 0.89284 1.00000 1
-0.02500 0.05000 0.00113 0.00156 0.20875 0.76372 0.78362 0.78365 0.89284 1.00000 1
-0.02500 0.05000 0.00113 0.00156 0.20853 0.76379 0.78367 0.78371 0.89284 1.00000 1
-0.02500 0.05000 0.00113 0.00156 0.20831 0.76384 0.78371 0.78375 0.89284 1.00000 1
-0.02500 0.05000 0.00113 0.00156 0.20810 0.76388 0.78374 0.78377 0.89284 1.00000 1
-0.02500 0.05000 0.00113 0.00156 0.20789 0.76389 0.78375 0.78379 0.89284 1.00000 1
-0.02500 0.05000 0.00113 0.00156 0.20768 0.76388 0.78374 0.78378 0.89284 1.00000 1
-0.02500 0.05000 0.00113 0.00156 0.20748 0.76386 0.78372 0.78376 0.89284 1.00000 1
-0.02500 0.05000 0.00113 0.00156 0.20727 0.76382 0.78369 0.78373 0.89284 1.00000 1
-0.02500 0.05000 0.00113 0.00156 0.20707 0.76377 0.78365 0.78369 0.89284 1.00000 1
-0.02500 0.05000 0.00113 0.00156 0.20686 0.76370 0.78360 0.78364 0.89284 1.00000 1
-0.02500 0.05000 0.00113 0.00156 0.20666 0.76363 0.78354 0.78358 0.89284 1.00000 1
-0.02500 0.05000 0.00113 0.00156 0.20645 0.76355 0.78348 0.78352 0.89284 1.00000 1
-0.02500 0.05000 0.00113 0.00156 0.20624 0.76347 0.78341 0.78345 0.89284 1.00000 1
-0.02500 0.05000 0.00113 0.00156 0.20603 0.76338 0.78334 0.78338 0.89284 1.00000 1
-0.02500 0.05000 0.00113 0.00156 0.20582 0.76329 0.78328 0.78331 0.89284 1.00000 1
-0.02500 0.05000 0.00113 0.00156 0.20560 0.76321 0.78321 0.78324 0.89284 1.00000 1
-0.02500 0.05000 0.00113 0.00156 0.20537 0.76313 0.78315 0.78318 0.89284 1.00000 1
-0.02500 0.05000 0.00113 0.00156 0.20514 0.76306 0.78309 0.78312 0.89284 1.00000 1
-0.02500 0.05000 0.00113 0.00156 0.20491 0.76299 0.78304 0.78307 0.89284 1.00000 1
-0.02500 0.05000 0.00113 0.00156 0.20467 0.76293 0.78299 0.78302 0.89284 1.00000 1
-0.02500 0.05000 0.00113 0.00156 0.20442 0.76288 0.78296 0.78298 0.89284 1.00000 1
-0.02500 0.05000 0.00113 0.00156 0.20417 0.76285 0.78292 0.78295 0.89284 1.00000 1
-0.02500 0.05000 0.00113 0.00156 0.20392 0.76282 0.78290 0.78293 0.89284 1.00000 1
-0.02500 0.05000 0.00113 0.00156 0.20365 0.76280 0.78289 0.78292 0.89284 1.00000 1
-0.02500 0.05000 0.00113 0.00156 0.20338 0.76279 0.78288 0.78291 0.89284 1.00000 1
-0.02500 0.05000 0.00113 0.00156 0.20311 0.76280 0.78288 0.78291 0.89284 1.00000 1
-0.02500 0.05000 0.00113 0.00156 0.20283 0.76281 0.78289 0.78292 0.89284 1.00000 1
-0.02500 0.05000 0.00113 0.00156 0.20254 0.76283 0.78291 0.78294 0.89284 1.00000 1
-0.02500 0.05000 0.00113 0.00156 0.20225 0.76285 0.78293 0.78296 0.89284 1.00000 1
-0.02500 0.05000 0.00113 0.00156 0.20196 0.76289 0.78295 0.78299 0.89284 1.00000 1
-0.02500 0.05000 0.00113 0.00156 0.20166 0.76292 0.78298 0.78301 0.89284 1.00000 1
-0.02500 0.05000 0.00113 0.00156 0.20136 0.76296 0.78301 0.78305 0.89284 1.00000 1
-0.02500 0.05000 0.00113 0.00156 0.20105 0.76301 0.78305 0.78308 0.89284 1.00000 1
-0.02500 0.05000 0.00113 0.00156 0.20075 0.76305 0.78308 0.78312 0.89284 1.00000 1
-0.02500 0.05000 0.00113 0.00156 0.20044 0.76309 0.78311 0.78315 0.89284 1.00000 1
-0.02500 0.05000 0.00113 0.00156 0.20012 0.76313 0.78315 0.78318 0.89284 1.00000 1
-0.02500 0.05000 0.00113 0.00156 0.19981 0.76317 0.78318 0.78321 0.89284 1.00000 1
-0.02500 0.05000 0.00113 0.00156 0.19949 0.76321 0.78321 0.78324 0.89284 1.00000 1
-0.02500 0.05000 0.00113 0.00156 0.19917 0.76324 0.78323 0.78327 0.89284 1.00000 1
-0.02500 0.05000 0.00113 0.00156 0.19885 0.76327 0.78325 0.78329 0.89284 1.00000 1
-0.02500 0.05000 0.00113 0.00156 0.19853 0.76329 0.78327 0.78331 0.89284 1.00000 1
-0.02500 0.05000 0.00113 0.00156 0.19820 0.76331 0.78329 0.78333 0.89284 1.00000 1
-0.02500 0.05000 0.00113 0.00156 0.19788 0.76333 0.78330 0.78334 0.89284 1.00000 1
-0.02500 0.05000 0.00113 0.00156 0.19755 0.76333 0.78330 0.78334 0.89284 1.00000 1
-0.02500 0.05000 0.00113 0.00156 0.19722 0.76334 0.78331 0.78335 0.89284 1.00000 1
-0.02500 0.05000 0.00113 0.00156 0.19689 0.76334 0.78331 0.78335 0.89284 1.00000 1
-0.02500 0.05000 0.00113 0.00156 0.19656 0.76333 0.78330 0.78334 0.89284 1.00000 1
-0.02500 0.05000 0.00113 0.00156 0.19622 0.76332 0.78330 0.78333 0.89284 1.00000 1
-0.02500 0.05000 0.00113 0.00156 0.19589 0.76331 0.78329 0.78332 0.89284 1.00000 1
-0.02500 0.05000 0.00113 0.00156 0.19555 0.76329 0.78328 0.78331 0.89284 1.00000 1
-0.02500 0.05000 0.00113 0.00156 0.19521 0.76328 0.78326 0.78330 0.89284 1.00000 1
-0.02500 0.05000 0.00113 0.00156 0.19487 0.76326 0.78325 0.78328 0.89284 1.00000 1
-0.02500 0.05000 0.00113 0.00156 0.19452 0.76324 0.78323 0.78327 0.89284 1.00000 1
-0.02500 0.05000 0.00113 0.00156 0.19417 0.76322 0.78322 0.78325 0.89284 1.00000 1
-0.02500 0.05000 0.00113 0.00156 0.19382 0.76320 0.78320 0.78323 0.89284 1.00000 1
-0.02500 0.05000 0.00113 0.00156 0.19346 0.76318 0.78318 0.78322 0.89284 1.00000 1
-0.02500 0.05000 0.00113 0.00156 0.19310 0.76316 0.78317 0.78320 0.89284 1.00000 1
-0.02500 0.05000 0.00113 0.00156 0.19274 0.76314 0.78315 0.78319 0.89284 1.00000 1
-0.02500 0.05000 0.00113 0.00156 0.19237 0.76312 0.78314 0.78317 0.89284 1.00000 1
-0.02500 0.05000 0.00113 0.00156 0.19200 0.76311 0.78313 0.78316 0.89284 1.00000 1
-0.02500 0.05000 0.00113 0.00156 0.19163 0.76310 0.78312 0.78315 0.89284 1.00000 1
-0.02500 0.05000 0.00113 0.00156 0.19125 0.76309 0.78311 0.78315 0.89284 1.00000 1
-0.02500 0.05000 0.00113 0.00156 0.19087 0.76308 0.78311 0.78314 0.89284 1.00000 1
-0.02500 0.05000 0.00113 0.00156 0.19048 0.76308 0.78310 0.78314 0.89284 1.00000 1
-0.02500 0.05000 0.00113 0.00156 0.19009 0.76307 0.78310 0.78314 0.89284 1.00000 1
-0.02500 0.05000 0.00113 0.00156 0.18969 0.76307 0.78310 0.78314 0.89284 1.00000 1
-0.02500 0.05000 0.00113 0.00156 0.18929 0.76308 0.78310 0.78314 0.89284 1.00000 1
-0.02500 0.05000 0.00113 0.00156 0.18889 0.76308 0.78311 0.78314 0.89284 1.00000 1
-0.02500 0.05000 0.00113 0.00156 0.18848 0.76309 0.78311 0.78314 0.89284 1.00000 1
-0.02500 0.05000 0.00113 0.00156 0.18807 0.76309 0.78312 0.78315 0.89284 1.00000 1
-0.02500 0.05000 0.00113 0.00156 0.18766 0.76310 0.78312 0.78316 0.89284 1.00000 1
-0.02500 0.05000 0.00113 0.00156 0.18724 0.76311 0.78313 0.78316 0.89284 1.00000 1
-0.02500 0.05000 0.00113 0.00156 0.18682 0.76312 0.78314 0.78317 0.89284 1.00000 1
-0.02500 0.05000 0.00113 0.00156 0.18640 0.76313 0.78314 0.78318 0.89284 1.00000 1
-0.02500 0.05000 0.00113 0.00156 0.18597 0.76314 0.78315 0.78319 0.89284 1.00000 1
-0.02500 0.05000 0.00113 0.00156 0.18554 0.76315 0.78316 0.78320 0.89284 1.00000 1
-0.02500 0.05000 0.00113 0.00156 0.18510 0.76316 0.78317 0.78320 0.89284 1.00000 1
-0.02500 0.05000 0.00113 0.00156 0.18467 0.76317 0.78317 0.78321 0.89284 1.00000 1
-0.02500 0.05000 0.00113 0.00156 0.18423 0.76318 0.78318 0.78322 0.89284 1.00000 1
-0.02500 0.05000 0.00113 0.00156 0.18378 0.76318 0.78319 0.78322 0.89284 1.00000 1
-0.02500 0.05000 0.00113 0.00156 0.18334 0.76319 0.78319 0.78323 0.89284 1.00000 1
-0.02500 0.05000 0.00113 0.00156 0.18289 0.76319 0.78320 0.78323 0.89284 1.00000 1
-0.02500 0.05000 0.00113 0.00156 0.18244 0.76320 0.78320 0.78323 0.89284 1.00000 1
-0.02500 0.05000 0.00113 0.00156 0.18198 0.76320 0.78320 0.78324 0.89284 1.00000 1
-0.02500 0.05000 0.00113 0.00156 0.18152 0.76320 0.78320 0.78324 0.89284 1.00000 1
-0.02500 0.05000 0.00113 0.00156 0.18106 0.76320 0.78320 0.78324 0.89284 1.00000 1
-0.02500 0.05000 0.00113 0.00156 0.18060 0.76320 0.78320 0.78324 0.89284 1.00000 1
-0.02500 0.05000 0.00113 0.00156 0.18013 0.76320 0.78320 0.78324 0.89284 1.00000 1
-0.02500 0.05000 0.00113 0.00156 0.17966 0.76320 0.78320 0.78323 0.89284 1.00000 1
-0.02500 0.05000 0.00113 0.00156 0.17919 0.76319 0.78320 0.78323 0.89284 1.00000 1
-0.02500 0.05000 0.00113 0.00156 0.17871 0.76319 0.78319 0.78323 0.89284 1.00000 1
-0.02500 0.05000 0.00113 0.00156 0.17823 0.76319 0.78319 0.78322 0.89284 1.00000 1
-0.02500 0.05000 0.00113 0.00156 0.17774 0.76318 0.78319 0.78322 0.89284 1.00000 1
-0.02500 0.05000 0.00113 0.00156 0.17726 0.76318 0.78318 0.78322 0.89284 1.00000 1
-0.02500 0.05000 0.00113 0.00156 0.17676 0.76317 0.78318 0.78321 0.89284 1.00000 1
-0.02500 0.05000 0.00113 0.00156 0.17627 0.76317 0.78317 0.78321 0.89284 1.00000 1
-0.02500 0.05000 0.00113 0.00156 0.17577 0.76316 0.78317 0.78321 0.89284 1.00000 1
-0.02500 0.05000 0.00113 0.00156 0.17527 0.76316 0.78317 0.78320 0.89284 1.00000 1
-0.02500 0.05000 0.00113 0.00156 0.17476 0.76315 0.78316 0.78320 0.89284 1.00000 1
-0.02500 0.05000 0.00113 0.00156 0.17425 0.76315 0.78316 0.78320 0.89284 1.00000 1
-0.02500 0.05000 0.00113 0.00156 0.17374 0.76315 0.78316 0.78319 0.89284 1.00000 1
-0.02500 0.05000 0.00113 0.00156 0.17322 0.76314 0.78316 0.78319 0.89284 1.00000 1
-0.02500 0.05000 0.00113 0.00156 0.17270 0.76314 0.78315 0.78319 0.89284 1.00000 1
-0.02500 0.05000 0.00113 0.00156 0.17217 0.76314 0.78315 0.78319 0.89284 1.00000 1
-0.02500 0.05000 0.00113 0.00156 0.17164 0.76314 0.78315 0.78319 0.89284 1.00000 1
-0.02500 0.05000 0.00113 0.00156 0.17111 0.76314 0.78315 0.78319 0.89284 1.00000 1
-0.02500 0.05000 0.00113 0.00156 0.17057 0.76314 0.78315 0.78319 0.89284 1.00000 1
-0.02500 0.05000 0.00113 0.00156 0.17003 0.76314 0.78315 0.78319 0.89284 1.00000 1
-0.02500 0.05000 0.00113 0.00156 0.16949 0.76314 0.78315 0.78319 0.89284 1.00000 1
-0.02500 0.05000 0.00113 0.00156 0.16894 0.76314 0.78316 0.78319 0.89284 1.00000 1
-0.02500 0.05000 0.00113 0.00156 0.16839 0.76315 0.78316 0.78319 0.89284 1.00000 1
-0.02500 0.05000 0.00113 0.00156 0.16783 0.76315 0.78316 0.78319 0.89284 1.00000 1
-0.02500 0.05000 0.00113 0.00156 0.16727 0.76315 0.78316 0.78320 0.89284 1.00000 1
-0.02500 0.05000 0.00113 0.00156 0.16671 0.76315 0.78316 0.78320 0.89284 1.00000 1
-0.02500 0.05000 0.00113 0.00156 0.16614 0.76315 0.78316 0.78320 0.89284 1.00000 1
-0.02500 0.05000 0.00113 0.00156 0.16557 0.76316 0.78317 0.78320 0.89284 1.00000 1
-0.02500 0.05000 0.00113 0.00156 0.16499 0.76316 0.78317 0.78320 0.89284 1.00000 1
-0.02500 0.05000 0.00113 0.00156 0.16441 0.76316 0.78317 0.78321 0.89284 1.00000 1
-0.02500 0.05000 0.00113 0.00156 0.16383 0.76316 0.78317 0.78321 0.89284 1.00000 1
-0.02500 0.05000 0.00113 0.00156 0.16324 0.76317 0.78317 0.78321 0.89284 1.00000 1
-0.02500 0.05000 0.00113 0.00156 0.16265 0.76317 0.78317 0.78321 0.89284 1.00000 1
-0.02500 0.05000 0.00113 0.00156 0.16206 0.76317 0.78318 0.78321 0.89284 1.00000 1
-0.02500 0.05000 0.00113 0.00156 0.16146 0.76317 0.78318 0.78321 0.89284 1.00000 1
-0.02500 0.05000 0.00113 0.00156 0.16085 0.76317 0.78318 0.78321 0.89284 1.00000 1
-0.02500 0.05000 0.00113 0.00156 0.16025 0.76317 0.78318 0.78321 0.89284 1.00000 1
-0.02500 0.05000 0.00113 0.00156 0.15964 0.76317 0.78318 0.78321 0.89284 1.00000 1
-0.02500 0.05000 0.00113 0.00156 0.15902 0.76317 0.78318 0.78321 0.89284 1.00000 1
-0.02500 0.05000 0.00113 0.00156 0.15841 0.76317 0.78318 0.78321 0.89284 1.00000 1
-0.02500 0.05000 0.00113 0.00156 0.15778 0.76317 0.78318 0.78321 0.89284 1.00000 1
-0.02500 0.05000 0.00113 0.00156 0.15716 0.76317 0.78318 0.78321 0.89284 1.00000 1
-0.02500 0.05000 0.00113 0.00156 0.15653 0.76317 0.78318 0.78321 0.89284 1.00000 1
-0.02500 0.05000 0.00113 0.00156 0.15590 0.76317 0.78317 0.78321 0.89284 1.00000 1
-0.02500 0.05000 0.00113 0.00156 0.15526 0.76317 0.78317 0.78321 0.89284 1.00000 1
-0.02500 0.05000 0.00113 0.00156 0.15462 0.76316 0.78317 0.78321 0.89284 1.00000 1
-0.02500 0.05000 0.00113 0.00156 0.15397 0.76316 0.78317 0.78321 0.89284 1.00000 1
-0.02500 0.05000 0.00113 0.00156 0.15332 0.76316 0.78317 0.78321 0.89284 1.00000 1
-0.02500 0.05000 0.00113 0.00156 0.15266 0.76316 0.78317 0.78320 0.89284 1.00000 1
-0.02500 0.05000 0.00113 0.00156 0.15201 0.76316 0.78317 0.78320 0.89284 1.00000 1
-0.02500 0.05000 0.00113 0.00156 0.15134 0.76316 0.78317 0.78320 0.89284 1.00000 1
-0.02500 0.05000 0.00113 0.00156 0.15068 0.76316 0.78317 0.78320 0.89284 1.00000 1
-0.02500 0.05000 0.00113 0.00156 0.15000 0.76316 0.78317 0.78320 0.89284 1.00000 1
-0.02500 0.05000 0.00113 0.00156 0.14933 0.76316 0.78317 0.78320 0.89284 1.00000 1
-0.02500 0.05000 0.00113 0.00156 0.14865 0.76316 0.78317 0.78320 0.89284 1.00000 1
-0.02500 0.05000 0.00113 0.00156 0.14796 0.76316 0.78317 0.78320 0.89284 1.00000 1
-0.02500 0.05000 0.00113 0.00156 0.14727 0.76316 0.78317 0.78320 0.89284 1.00000 1
-0.02500 0.05000 0.00113 0.00156 0.14658 0.76316 0.78317 0.78320 0.89284 1.00000 1
-0.02500 0.05000 0.00113 0.00156 0.14588 0.76316 0.78317 0.78320 0.89284 1.00000 1
-0.02500 0.05000 0.00113 0.00156 0.14518 0.76316 0.78317 0.78320 0.89284 1.00000 1
-0.02500 0.05000 0.00113 0.00156 0.14448 0.76316 0.78317 0.78320 0.89284 1.00000 1
-0.02500 0.05000 0.00113 0.00156 0.14376 0.76316 0.78317 0.78320 0.89284 1.00000 1
-0.02500 0.05000 0.00113 0.00156 0.14305 0.76316 0.78317 0.78320 0.89284 1.00000 1
-0.02500 0.05000 0.00113 0.00156 0.14233 0.76316 0.78317 0.78320 0.89284 1.00000 1
-0.02500 0.05000 0.00113 0.00156 0.14161 0.76316 0.78317 0.78320 0.89284 1.00000 1
-0.02500 0.05000 0.00113 0.00156 0.14088 0.76316 0.78317 0.78320 0.89284 1.00000 1
-0.02500 0.05000 0.00113 0.00156 0.14014 0.76316 0.78317 0.78320 0.89284 1.00000 1
-0.02500 0.05000 0.00113 0.00156 0.13941 0.76316 0.78317 0.78320 0.89284 1.00000 1
-0.02500 0.05000 0.00113 0.00156 0.13866 0.76316 0.78317 0.78320 0.89284 1.00000 1
-0.02500 0.05000 0.00113 0.00156 0.13792 0.76316 0.78317 0.78320 0.89284 1.00000 1
-0.02500 0.05000 0.00113 0.00156 0.13717 0.76316 0.78317 0.78320 0.89284 1.00000 1
-0.02500 0.05000 0.00113 0.00156 0.13641 0.76316 0.78317 0.78321 0.89284 1.00000 1
-0.02500 0.05000 0.00113 0.00156 0.13565 0.76316 0.78317 0.78321 0.89284 1.00000 1
-0.02500 0.05000 0.00113 0.00156 0.13489 0.76316 0.78317 0.78321 0.89284 1.00000 1
-0.02500 0.05000 0.00113 0.00156 0.13412 0.76316 0.78317 0.78321 0.89284 1.00000 1
-0.02500 0.05000 0.00113 0.00156 0.13334 0.76316 0.78317 0.78321 0.89284 1.00000 1
-0.02500 0.05000 0.00113 0.00156 0.13256 0.76316 0.78317 0.78321 0.89284 1.00000 1
-0.02500 0.05000 0.00113 0.00156 0.13178 0.76316 0.78317 0.78321 0.89284 1.00000 1
-0.02500 0.05000 0.00113 0.00156 0.13099 0.76316 0.78317 0.78321 0.89284 1.00000 1
-0.02500 0.05000 0.00113 0.00156 0.13020 0.76316 0.78317 0.78321 0.89284 1.00000 1
-0.02500 0.05000 0.00113 0.00156 0.12940 0.76316 0.78317 0.78321 0.89284 1.00000 1
-0.02500 0.05000 0.00113 0.00156 0.12860 0.76316 0.78317 0.78321 0.89284 1.00000 1
-0.02500 0.05000 0.00113 0.00156 0.12779 0.76316 0.78317 0.78321 0.89284 1.00000 1
-0.02500 0.05000 0.00113 0.00156 0.12698 0.76316 0.78317 0.78321 0.89284 1.00000 1
-0.02500 0.05000 0.00113 0.00156 0.12616 0.76316 0.78317 0.78321 0.89284 1.00000 1
-0.02500 0.05000 0.00113 0.00156 0.12534 0.76316 0.78317 0.78321 0.89284 1.00000 1
-0.02500 0.05000 0.00113 0.00156 0.12451 0.76316 0.78317 0.78320 0.89284 1.00000 1
-0.02500 0.05000 0.00113 0.00156 0.12368 0.76316 0.78317 0.78320 0.89284 1.00000 1
-0.02500 0.05000 0.00113 0.00156 0.12285 0.76316 0.78317 0.78320 0.89284 1.00000 1
-0.02500 0.05000 0.00113 0.00156 0.12200 0.76316 0.78317 0.78320 0.89284 1.00000 1
-0.02500 0.05000 0.00113 0.00156 0.12116 0.76316 0.78317 0.78320 0.89284 1.00000 1
-0.02500 0.05000 0.00113 0.00156 0.12031 0.76316 0.78317 0.78320 0.89284 1.00000 1
-0.02500 0.05000 0.00113 0.00156 0.11945 0.76316 0.78317 0.78320 0.89284 1.00000 1
-0.02500 0.05000 0.00113 0.00156 0.11859 0.76316 0.78317 0.78320 0.89284 1.00000 1
-0.02500 0.05000 0.00113 0.00156 0.11772 0.76316 0.78317 0.78320 0.89284 1.00000 1
-0.02500 0.05000 0.00113 0.00156 0.11685 0.76316 0.78317 0.78320 0.89284 1.00000 1
-0.02500 0.05000 0.00113 0.00156 0.11597 0.76316 0.78317 0.78320 0.89284 1.00000 1
-0.02500 0.05000 0.00113 0.00156 0.11509 0.76316 0.78317 0.78320 0.89284 1.00000 1
-0.02500 0.05000 0.00113 0.00156 0.11420 0.76316 0.78317 0.78320 0.89284 1.00000 1
-0.02500 0.05000 0.00113 0.00156 0.11331 0.76316 0.78317 0.78320 0.89284 1.00000 1
-0.02500 0.05000 0.00113 0.00156 0.11241 0.76316 0.78317 0.78320 0.89284 1.00000 1
-0.02500 0.05000 0.00113 0.00156 0.11151 0.76316 0.78317 0.78320 0.89284 1.00000 1
-0.02500 0.05000 0.00113 0.00156 0.11060 0.76316 0.78317 0.78320 0.89284 1.00000 1
-0.02500 0.05000 0.00113 0.00156 0.10969 0.76316 0.78317 0.78320 0.89284 1.00000 1
-0.02500 0.05000 0.00113 0.00156 0.10877 0.76316 0.78317 0.78320 0.89284 1.00000 1
-0.02500 0.05000 0.00113 0.00156 0.10785 0.76316 0.78317 0.78320 0.89284 1.00000 1
-0.02500 0.05000 0.00113 0.00156 0.10692 0.76316 0.78317 0.78320 0.89284 1.00000 1
-0.02500 0.05000 0.00113 0.00156 0.10598 0.76316 0.78317 0.78320 0.89284 1.00000 1
-0.02500 0.05000 0.00113 0.00156 0.10504 0.76316 0.78317 0.78320 0.89284 1.00000 1
-0.02500 0.05000 0.00113 0.00156 0.10410 0.76316 0.78317 0.78320 0.89284 1.00000 1
-0.02500 0.05000 0.00113 0.00156 0.10314 0.76316 0.78317 0.78320 0.89284 1.00000 1
-0.02500 0.05000 0.00113 0.00156 0.10219 0.76316 0.78317 0.78320 0.89284 1.00000 1
-0.02500 0.05000 0.00113 0.00156 0.10123 0.76316 0.78317 0.78320 0.89284 1.00000 1
-0.02500 0.05000 0.00113 0.00156 0.10026 0.76316 0.78317 0.78320 0.89284 1.00000 1
-0.02500 0.05000 0.00113 0.00156 0.09928 0.76316 0.78317 0.78320 0.89284 1.00000 1
-0.02500 0.05000 0.00113 0.00156 0.09831 0.76316 0.78317 0.78320 0.89284 1.00000 1
-0.02500 0.05000 0.00113 0.00156 0.09732 0.76316 0.78317 0.78320 0.89284 1.00000 1
-0.02500 0.05000 0.00113 0.00156 0.09633 0.76316 0.78317 0.78320 0.89284 1.00000 1
-0.02500 0.05000 0.00113 0.00156 0.09533 0.76316 0.78317 0.78320 0.89284 1.00000 1
-0.02500 0.05000 0.00113 0.00156 0.09433 0.76316 0.78317 0.78320 0.89284 1.00000 1
-0.02500 0.05000 0.00113 0.00156 0.09333 0.76316 0.78317 0.78320 0.89284 1.00000 1
-0.02500 0.05000 0.00113 0.00156 0.09231 0.76316 0.78317 0.78320 0.89284 1.00000 1
-0.02500 0.05000 0.00113 0.00156 0.09129 0.76316 0.78317 0.78320 0.89284 1.00000 1
-0.02500 0.05000 0.00113 0.00156 0.09027 0.76316 0.78317 0.78320 0.89284 1.00000 1
-0.02500 0.05000 0.00113 0.00156 0.08924 0.76316 0.78317 0.78320 0.89284 1.00000 1
-0.02500 0.05000 0.00113 0.00156 0.08820 0.76316 0.78317 0.78320 0.89284 1.00000 1
-0.02500 0.05000 0.00113 0.00156 0.08716 0.76316 0.78317 0.78320 0.89284 1.00000 1
-0.02500 0.05000 0.00113 0.00156 0.08611 0.76316 0.78317 0.78320 0.89284 1.00000 1
-0.02500 0.05000 0.00113 0.00156 0.08506 0.76316 0.78317 0.78320 0.89284 1.00000 1
-0.02500 0.05000 0.00113 0.00156 0.08399 0.76316 0.78317 0.78320 0.89284 1.00000 1
-0.02500 0.05000 0.00113 0.00156 0.08293 0.76316 0.78317 0.78320 0.89284 1.00000 1
-0.02500 0.05000 0.00113 0.00156 0.08186 0.76316 0.78317 0.78320 0.89284 1.00000 1
-0.02500 0.05000 0.00113 0.00156 0.08078 0.76316 0.78317 0.78320 0.89284 1.00000 1
-0.02500 0.05000 0.00113 0.00156 0.07969 0.76316 0.78317 0.78320 0.89284 1.00000 1
-0.02500 0.05000 0.00113 0.00156 0.07860 0.76316 0.78317 0.78320 0.89284 1.00000 1
-0.02500 0.05000 0.00113 0.00156 0.07750 0.76316 0.78317 0.78320 0.89284 1.00000 1
-0.02500 0.05000 0.00113 0.00156 0.07640 0.76316 0.78317 0.78320 0.89284 1.00000 1
-0.02500 0.05000 0.00113 0.00156 0.07529 0.76316 0.78317 0.78320 0.89284 1.00000 1
-0.02500 0.05000 0.00113 0.00156 0.07417 0.76316 0.78317 0.78320 0.89284 1.00000 1
-0.02500 0.05000 0.00113 0.00156 0.07305 0.76316 0.78317 0.78320 0.89284 1.00000 1
-0.02500 0.05000 0.00113 0.00156 0.07192 0.76316 0.78317 0.78320 0.89284 1.00000 1
-0.02500 0.05000 0.00113 0.00156 0.07079 0.76316 0.78317 0.78320 0.89284 1.00000 1
-0.02500 0.05000 0.00113 0.00156 0.06965 0.76316 0.78317 0.78320 0.89284 1.00000 1
-0.02500 0.05000 0.00113 0.00156 0.06850 0.76316 0.78317 0.78320 0.89284 1.00000 1
-0.02500 0.05000 0.00113 0.00156 0.06734 0.76316 0.78317 0.78320 0.89284 1.00000 1
-0.02500 0.05000 0.00113 0.00156 0.06618 0.76316 0.78317 0.78320 0.89284 1.00000 1
-0.02500 0.05000 0.00113 0.00156 0.06501 0.76316 0.78317 0.78320 0.89284 1.00000 1
-0.02500 0.05000 0.00113 0.00156 0.06384 0.76316 0.78317 0.78320 0.89284 1.00000 1
-0.02500 0.05000 0.00113 0.00156 0.06266 0.76316 0.78317 0.78320 0.89284 1.00000 1
-0.02500 0.05000 0.00113 0.00156 0.06147 0.76316 0.78317 0.78320 0.89284 1.00000 1
-0.02500 0.05000 0.00113 0.00156 0.06028 0.76316 0.78317 0.78320 0.89284 1.00000 1
-0.02500 0.05000 0.00113 0.00156 0.05907 0.76316 0.78317 0.78320 0.89284 1.00000 1
-0.02500 0.05000 0.00113 0.00156 0.05787 0.76316 0.78317 0.78320 0.89284 1.00000 1
-0.02500 0.05000 0.00113 0.00156 0.05665 0.76316 0.78317 0.78320 0.89284 1.00000 1
-0.02500 0.05000 0.00113 0.00156 0.05543 0.76316 0.78317 0.78320 0.89284 1.00000 1
-0.02500 0.05000 0.00113 0.00156 0.05420 0.76316 0.78317 0.78320 0.89284 1.00000 1
-0.02500 0.05000 0.00113 0.00156 0.05296 0.76316 0.78317 0.78320 0.89284 1.00000 1
-0.02500 0.05000 0.00113 0.00156 0.05172 0.76316 0.78317 0.78320 0.89284 1.00000 1
-0.02500 0.05000 0.00113 0.00156 0.05047 0.76316 0.78317 0.78320 0.89284 1.00000 1
-0.02500 0.05000 0.00113 0.00156 0.04921 0.76316 0.78317 0.78320 0.89284 1.00000 1
-0.02500 0.05000 0.00113 0.00156 0.04795 0.76316 0.78317 0.78320 0.89284 1.00000 1
-0.02500 0.05000 0.00113 0.00156 0.04668 0.76316 0.78317 0.78320 0.89284 1.00000 1
-0.02500 0.05000 0.00113 0.00156 0.04540 0.76316 0.78317 0.78320 0.89284 1.00000 1
-0.02500 0.05000 0.00113 0.00156 0.04412 0.76316 0.78317 0.78320 0.89284 1.00000 1
-0.02500 0.05000 0.00113 0.00156 0.04282 0.76316 0.78317 0.78320 0.89284 1.00000 1
-0.02500 0.05000 0.00113 0.00156 0.04152 0.76316 0.78317 0.78320 0.89284 1.00000 1
-0.02500 0.05000 0.00113 0.00156 0.04022 0.76316 0.78317 0.78320 0.89284 1.00000 1
-0.02500 0.05000 0.00113 0.00156 0.03890 0.76316 0.78317 0.78320 0.89284 1.00000 1
-0.02500 0.05000 0.00113 0.00156 0.03758 0.76316 0.78317 0.78320 0.89284 1.00000 1
-0.02500 0.05000 0.00113 0.00156 0.03625 0.76316 0.78317 0.78320 0.89284 1.00000 1
-0.02500 0.05000 0.00113 0.00156 0.03491 0.76316 0.78317 0.78320 0.89284 1.00000 1
-0.02500 0.05000 0.00113 0.00156 0.03357 0.76316 0.78317 0.78320 0.89284 1.00000 1
-0.02500 0.05000 0.00113 0.00156 0.03221 0.76316 0.78317 0.78320 0.89284 1.00000 1
-0.02500 0.05000 0.00113 0.00156 0.03085 0.76316 0.78317 0.78320 0.89284 1.00000 1
-0.02500 0.05000 0.00113 0.00156 0.02949 0.76316 0.78317 0.78320 0.89284 1.00000 1
-0.02500 0.05000 0.00113 0.00156 0.02811 0.76316 0.78317 0.78320 0.89284 1.00000 1
-0.02500 0.05000 0.00113 0.00156 0.02673 0.76316 0.78317 0.78320 0.89284 1.00000 1
-0.02500 0.05000 0.00113 0.00156 0.02534 0.76316 0.78317 0.78320 0.89284 1.00000 1
-0.02500 0.05000 0.00113 0.00156 0.02394 0.76316 0.78317 0.78320 0.89284 1.00000 1
-0.02500 0.05000 0.00113 0.00156 0.02253 0.76316 0.78317 0.78320 0.89284 1.00000 1
-0.02500 0.05000 0.00113 0.00156 0.02112 0.76316 0.78317 0.78320 0.89284 1.00000 1
-0.02500 0.05000 0.00113 0.00156 0.01969 0.76316 0.78317 0.78320 0.89284 1.00000 1
-0.02500 0.05000 0.00113 0.00156 0.01826 0.76316 0.78317 0.78320 0.89284 1.00000 1
-0.02500 0.05000 0.00113 0.00156 0.01682 0.76316 0.78317 0.78320 0.89284 1.00000 1
-0.02500 0.05000 0.00113 0.00156 0.01537 0.76316 0.78317 0.78320 0.89284 1.00000 1
-0.02500 0.05000 0.00113 0.00156 0.01392 0.76316 0.78317 0.78320 0.89284 1.00000 1
-0.02500 0.05000 0.00113 0.00156 0.01246 0.76316 0.78317 0.78320 0.89284 1.00000 1
-0.02500 0.05000 0.00113 0.00156 0.01098 0.76316 0.78317 0.78320 0.89284 1.00000 1
-0.02500 0.05000 0.00113 0.00156 0.00950 0.76316 0.78317 0.78320 0.89284 1.00000 1
-0.02500 0.05000 0.00113 0.00156 0.00801 0.76316 0.78317 0.78320 0.89284 1.00000 1
-0.02500 0.05000 0.00113 0.00156 0.00652 0.76316 0.78317 0.78320 0.89284 1.00000 1
-0.02500 0.05000 0.00113 0.00156 0.00501 0.76316 0.78317 0.78320 0.89284 1.00000 1
-0.02500 0.05000 0.00113 0.00156 0.00350 0.76316 0.78317 0.78320 0.89284 1.00000 1
-0.02500 0.05000 0.00113 0.00156 0.00197 0.76316 0.78317 0.78320 0.89284 1.00000 1
-0.02500 0.05000 0.00113 0.00156 0.00044 0.76316 0.78317 0.78320 0.89284 1.00000 1
-0.02500 0.05000 0.00113 0.00156 0.00038 0.76316 0.78317 0.78320 0.89284 1.00000 1
-0.02500 0.05000 0.00113 0.00156 0.00038 0.76316 0.78317 0.78320 0.89284 1.00000 1
-0.02500 0.05000 0.00113 0.00156 0.00038 0.76316 0.78317 0.78320 0.89284 1.00000 1
-0.02500 0.05000 0.00113 0.00156 0.00038 0.76316 0.78317 0.78320 0.89284 1.00000 1
-0.02500 0.05000 0.00113 0.00156 0.00038 0.76316 0.78317 0.78320 0.89284 1.00000 1
-0.02500 0.05000 0.00113 0.00156 0.00038 0.76316 0.78317 0.78320 0.89284 1.00000 1
-0.02500 0.05000 0.00113 0.00156 0.00038 0.76316 0.78317 0.78320 0.89284 1.00000 1
-0.02500 0.05000 0.00113 0.00156 0.00038 0.76316 0.78317 0.78320 0.89284 1.00000 1
-0.02500 0.05000 0.00113 0.00156 0.00038 0.76316 0.78317 0.78320 0.89284 1.00000 1
-0.02500 0.05000 0.00113 0.00156 0.00038 0.76316 0.78317 0.78320 0.89284 1.00000 1
-0.02500 0.05000 0.00113 0.00156 0.00038 0.76316 0.78317 0.78320 0.89284 1.00000 1
-0.02500 0.05000 0.00113 0.00156 0.00038 0.76316 0.78317 0.78320 0.89284 1.00000 1
-0.02500 0.05000 0.00113 0.00156 0.00038 0.76316 0.78317 0.78320 0.89284 1.00000 1
-0.02500 0.05000 0.00113 0.00156 0.00038 0.76316 0.78317 0.78320 0.89284 1.00000 1
-0.02500 0.05000 0.00113 0.00156 0.00038 0.76316 0.78317 0.78320 0.89284 1.00000 1
-0.02500 0.05000 0.00113 0.00156 0.00038 0.76316 0.78317 0.78320 0.89284 1.00000 1
-0.02500 0.05000 0.00113 0.00156 0.00038 0.76316 0.78317 0.78320 0.89284 1.00000 1
-0.02500 0.05000 0.00113 0.00156 0.00038 0.76316 0.78317 0.78320 0.89284 1.00000 1
-0.02500 0.05000 0.00113 0.00156 0.00038 0.76316 0.78317 0.78320 0.89284 1.00000 1
-0.02500 0.05000 0.00113 0.00156 0.00038 0.76316 0.78317 0.78320 0.89284 1.00000 1
-0.02500 0.05000 0.00113 0.00156 0.00038 0.76316 0.78317 0.78320 0.89284 1.00000 1
-0.02500 0.05000 0.00113 0.00156 0.00038 0.76316 0.78317 0.78320 0.89284 1.00000 1
-0.02500 0.05000 0.00113 0.00156 0.00038 0.76316 0.78317 0.78320 0.89284 1.00000 1
-0.02500 0.05000 0.00113 0.00156 0.00038 0.76316 0.78317 0.78320 0.89284 1.00000 1
-0.02500 0.05000 0.00113 0.00156 0.00038 0.76316 0.78317 0.78320 0.89284 1.00000 1
-0.02500 0.05000 0.00113 0.00156 0.00038 0.76316 0.78317 0.78320 0.89284 1.00000 1
-0.02500 0.05000 0.00113 0.00156 0.00038 0.76316 0.78317 0.78320 0.89284 1.00000 1
-0.02500 0.05000 0.00113 0.00156 0.00038 0.76316 0.78317 0.78320 0.89284 1.00000 1
-0.02500 0.05000 0.00113 0.00156 0.00038 0.76316 0.78317 0.78320 0.89284 1.00000 1
-0.02500 0.05000 0.00113 0.00156 0.00038 0.76316 0.78317 0.78320 0.89284 1.00000 1
-0.02500 0.05000 0.00113 0.00156 0.00038 0.76316 0.78317 0.78320 0.89284 1.00000 1
-0.02500 0.05000 0.00113 0.00156 0.00038 0.76316 0.78317 0.78320 0.89284 1.00000 1
-0.02500 0.05000 0.00113 0.00156 0.00038 0.76316 0.78317 0.78320 0.89284 1.00000 1
-0.02500 0.05000 0.00113 0.00156 0.00038 0.76316 0.78317 0.78320 0.89284 1.00000 1
-0.02500 0.05000 0.00113 0.00156 0.00038 0.76316 0.78317 0.78320 0.89284 1.00000 1
-0.02500 0.05000 0.00113 0.00156 0.00038 0.76316 0.78317 0.78320 0.89284 1.00000 1
-0.02500 0.05000 0.00113 0.00156 0.00038 0.76316 0.78317 0.78320 0.89284 1.00000 1
-0.02500 0.05000 0.00113 0.00156 0.00038 0.76316 0.78317 0.78320 0.89284 1.00000 1
-0.02500 0.05000 0.00113 0.00156 0.00038 0.76316 0.78317 0.78320 0.89284 1.00000 1
-0.02500 0.05000 0.00113 0.00156 0.00038 0.76316 0.78317 0.78320 0.89284 1.00000 1
-0.02500 0.05000 0.00113 0.00156 0.00038 0.76316 0.78317 0.78320 0.89284 1.00000 1
-0.02500 0.05000 0.00113 0.00156 0.00038 0.76316 0.78317 0.78320 0.89284 1.00000 1
-0.02500 0.05000 0.00113 0.00156 0.00038 0.76316 0.78317 0.78320 0.89284 1.00000 1
-0.02500 0.05000 0.00113 0.00156 0.00038 0.76316 0.78317 0.78320 0.89284 1.00000 1
-0.02500 0.05000 0.00113 0.00156 0.00038 0.76316 0.78317 0.78320 0.89284 1.00000 1
-0.02500 0.05000 0.00113 0.00156 0.00038 0.76316 0.78317 0.78320 0.89284 1.00000 1
-0.02500 0.05000 0.00113 0.00156 0.00038 0.76316 0.78317 0.78320 0.89284 1.00000 1
-0.02500 0.05000 0.00113 0.00156 0.00038 0.76316 0.78317 0.78320 0.89284 1.00000 1
-0.02500 0.05000 0.00113 0.00156 0.00038 0.76316 0.78317 0.78320 0.89284 1.00000 1
-0.02500 0.05000 0.00113 0.00156 0.00038 0.76316 0.78317 0.78320 0.89284 1.00000 1
-0.02500 0.05000 0.00113 0.00156 0.00038 0.76316 0.78317 0.78320 0.89284 1.00000 1
-0.02500 0.05000 0.00113 0.00156 0.00038 0.76316 0.78317 0.78320 0.89284 1.00000 1
-0.02500 0.05000 0.00113 0.00156 0.00038 0.76316 0.78317 0.78320 0.89284 1.00000 1
-0.02500 0.05000 0.00113 0.00156 0.00038 0.76316 0.78317 0.78320 0.89284 1.00000 1
-0.02500 0.05000 0.00113 0.00156 0.00038 0.76316 0.78317 0.78320 0.89284 1.00000 1
-0.02500 0.05000 0.00113 0.00156 0.00038 0.76316 0.78317 0.78320 0.89284 1.00000 1
-0.02500 0.05000 0.00113 0.00156 0.00038 0.76316 0.78317 0.78320 0.89284 1.00000 1
-0.02500 0.05000 0.00113 0.00156 0.00038 0.76316 0.78317 0.78320 0.89284 1.00000 1
-0.02500 0.05000 0.00113 0.00156 0.00038 0.76316 0.78317 0.78320 0.89284 1.00000 1
-0.02500 0.05000 0.00113 0.00156 0.00038 0.76316 0.78317 0.78320 0.89284 1.00000 1
-0.02500 0.05000 0.00113 0.00156 0.00038 0.76316 0.78317 0.78320 0.89284 1.00000 1
-0.02500 0.05000 0.00113 0.00156 0.00038 0.76316 0.78317 0.78320 0.89284 1.00000 1
-0.02500 0.05000 0.00113 0.00156 0.00038 0.76316 0.78317 0.78320 0.89284 1.00000 1
-0.02500 0.05000 0.00113 0.00156 0.00038 0.76316 0.78317 0.78320 0.89284 1.00000 1
-0.02500 0.05000 0.00113 0.00156 0.00038 0.76316 0.78317 0.78320 0.89284 1.00000 1
-0.02500 0.05000 0.00113 0.00156 0.00038 0.76316 0.78317 0.78320 0.89284 1.00000 1
-0.02500 0.05000 0.00113 0.00156 0.00038 0.76316 0.78317 0.78320 0.89284 1.00000 1
-0.02500 0.05000 0.00113 0.00156 0.00038 0.76316 0.78317 0.78320 0.89284 1.00000 1
-0.02500 0.05000 0.00113 0.00156 0.00038 0.76316 0.78317 0.78320 0.89284 1.00000 1
-0.02500 0.05000 0.00113 0.00156 0.00038 0.76316 0.78317 0.78320 0.89284 1.00000 1
-0.02500 0.05000 0.00113 0.00156 0.00038 0.76316 0.78317 0.78320 0.89284 1.00000 1
-0.02500 0.05000 0.00113 0.00156 0.00038 0.76316 0.78317 0.78320 0.89284 1.00000 1
-0.02500 0.05000 0.00113 0.00156 0.00038 0.76316 0.78317 0.78320 0.89284 1.00000 1
-0.02500 0.05000 0.00113 0.00156 0.00038 0.76316 0.78317 0.78320 0.89284 1.00000 1
-0.02500 0.05000 0.00113 0.00156 0.00038 0.76316 0.78317 0.78320 0.89284 1.00000 1
-0.02500 0.05000 0.00113 0.00156 0.00038 0.76316 0.78317 0.78320 0.89284 1.00000 1
-0.02500 0.05000 0.00113 0.00156 0.00038 0.76316 0.78317 0.78320 0.89284 1.00000 1
-0.02500 0.05000 0.00113 0.00156 0.00038 0.76316 0.78317 0.78320 0.89284 1.00000 1
-0.02500 0.05000 0.00113 0.00156 0.00038 0.76316 0.78317 0.78320 0.89284 1.00000 1
-0.02500 0.05000 0.00113 0.00156 0.00038 0.76316 0.78317 0.78320 0.89284 1.00000 1
-0.02500 0.05000 0.00113 0.00156 0.76312 0.76316 0.78317 0.78320 0.89284 1.00000 1
0.05000 0.05000 0.00113 0.00156 0.76312 0.76316 0.78317 0.78320 0.89284 1.00000 1
0.05000 0.05000 0.00113 0.00156 0.76278 0.76280 0.78290 0.78291 0.89284 1.00000 1
0.05000 0.05000 0.00113 0.00156 0.00000 0.76230 0.78254 0.78252 0.89284 1.00000 1
-0.02500 0.05000 0.00113 0.00156 0.00000 0.76175 0.78214 0.78208 0.89284 1.00000 1
-0.02500 0.05000 0.00113 0.00156 0.00000 0.76156 0.78201 0.78193 0.89284 1.00000 1
-0.02500 0.05000 0.00113 0.00156 0.00000 0.76154 0.78199 0.78191 0.89284 1.00000 1
-0.02500 0.05000 0.00113 0.00156 0.00000 0.76164 0.78206 0.78199 0.89284 1.00000 1
-0.02500 0.05000 0.00113 0.00156 0.00000 0.76183 0.78218 0.78214 0.89284 1.00000 1
-0.02500 0.05000 0.00113 0.00156 0.00000 0.76207 0.78235 0.78233 0.89284 1.00000 1
-0.02500 0.05000 0.00113 0.00156 0.76232 0.76234 0.78253 0.78255 0.89284 1.00000 1
0.05000 0.05000 0.00113 0.00156 0.76258 0.76263 0.78274 0.78278 0.89284 1.00000 1
0.05000 0.05000 0.00113 0.00156 0.76251 0.76256 0.78268 0.78272 0.89284 1.00000 1
0.05000 0.05000 0.00113 0.00156 0.76231 0.76235 0.78252 0.78256 0.89284 1.00000 1
0.05000 0.05000 0.00113 0.00156 0.00000 0.76207 0.78232 0.78233 0.89284 1.00000 1
-0.02500 0.05000 0.00113 0.00156 0.00000 0.76176 0.78210 0.78209 0.89284 1.00000 1
-0.02500 0.05000 0.00113 0.00156 0.00000 0.76183 0.78216 0.78214 0.89284 1.00000 1
-0.02500 0.05000 0.00113 0.00156 0.00000 0.76206 0.78233 0.78232 0.89284 1.00000 1
-0.02500 0.05000 0.00113 0.00156 0.00000 0.76239 0.78257 0.78259 0.89284 1.00000 1
-0.02500 0.05000 0.00113 0.00156 0.76273 0.76277 0.78285 0.78290 0.89284 1.00000 1
0.05000 0.05000 0.00113 0.00156 0.76310 0.76318 0.78315 0.78322 0.89284 1.00000 1
0.05000 0.05000 0.00113 0.00156 0.76314 0.76323 0.78318 0.78326 0.89284 1.00000 1
0.05000 0.05000 0.00113 0.00156 0.76305 0.76312 0.78311 0.78317 0.89284 1.00000 1
0.05000 0.05000 0.00113 0.00156 0.76287 0.76292 0.78297 0.78301 0.89284 1.00000 1
0.05000 0.05000 0.00113 0.00156 0.00000 0.76268 0.78280 0.78282 0.89284 1.00000 1
-0.02500 0.05000 0.00113 0.00156 0.00000 0.76241 0.78262 0.78261 0.89284 1.00000 1
-0.02500 0.05000 0.00113 0.00156 0.00000 0.76252 0.78271 0.78270 0.89284 1.00000 1
-0.02500 0.05000 0.00113 0.00156 0.00000 0.76279 0.78291 0.78291 0.89284 1.00000 1
-0.02500 0.05000 0.00113 0.00156 0.00037 0.76314 0.78317 0.78319 0.89284 1.00000 1
-0.02500 0.05000 0.00113 0.00156 0.00107 0.76353 0.78345 0.78350 0.89284 1.00000 1
-0.02500 0.05000 0.00113 0.00156 0.76384 0.76393 0.78374 0.78382 0.89284 1.00000 1
0.05000 0.05000 0.00113 0.00156 0.76419 0.76432 0.78402 0.78413 0.89284 1.00000 1
0.05000 0.05000 0.00113 0.00156 0.76417 0.76430 0.78400 0.78412 0.89284 1.00000 1
0.05000 0.05000 0.00113 0.00156 0.76399 0.76411 0.78386 0.78396 0.89284 1.00000 1
0.05000 0.05000 0.00113 0.00156 0.00153 0.76380 0.78364 0.78372 0.89284 1.00000 1
-0.02500 0.05000 0.00113 0.00156 0.00089 0.76343 0.78338 0.78342 0.89284 1.00000 1
-0.02500 0.05000 0.00113 0.00156 0.00086 0.76340 0.78337 0.78340 0.89284 1.00000 1
-0.02500 0.05000 0.00113 0.00156 0.00105 0.76350 0.78344 0.78347 0.89284 1.00000 1
-0.02500 0.05000 0.00113 0.00156 0.00136 0.76367 0.78357 0.78361 0.89284 1.00000 1
-0.02500 0.05000 0.00113 0.00156 0.00172 0.76388 0.78372 0.78378 0.89284 1.00000 1
-0.02500 0.05000 0.00113 0.00156 0.76400 0.76410 0.78387 0.78395 0.89284 1.00000 1
0.05000 0.05000 0.00113 0.00156 0.76419 0.76430 0.78402 0.78412 0.89284 1.00000 1
0.05000 0.05000 0.00113 0.00156 0.76401 0.76412 0.78388 0.78397 0.89284 1.00000 1
0.05000 0.05000 0.00113 0.00156 0.00149 0.76378 0.78363 0.78370 0.89284 1.00000 1
-0.02500 0.05000 0.00113 0.00156 0.00071 0.76334 0.78331 0.78335 0.89284 1.00000 1
-0.02500 0.05000 0.00113 0.00156 0.00051 0.76322 0.78322 0.78325 0.89284 1.00000 1
-0.02500 0.05000 0.00113 0.00156 0.00053 0.76323 0.78323 0.78326 0.89284 1.00000 1
-0.02500 0.05000 0.00113 0.00156 0.00067 0.76331 0.78329 0.78332 0.89284 1.00000 1
-0.02500 0.05000 0.00113 0.00156 0.00089 0.76344 0.78338 0.78343 0.89284 1.00000 1
-0.02500 0.05000 0.00113 0.00156 0.76351 0.76359 0.78348 0.78355 0.89284 1.00000 1
0.05000 0.05000 0.00113 0.00156 0.76365 0.76374 0.78359 0.78367 0.89284 1.00000 1
0.05000 0.05000 0.00113 0.00156 0.76344 0.76352 0.78342 0.78349 0.89284 1.00000 1
0.05000 0.05000 0.00113 0.00156 0.00032 0.76315 0.78315 0.78320 0.89284 1.00000 1
-0.02500 0.05000 0.00113 0.00156 0.00000 0.76271 0.78282 0.78284 0.89284 1.00000 1
-0.02500 0.05000 0.00113 0.00156 0.00000 0.76259 0.78275 0.78275 0.89284 1.00000 1
-0.02500 0.05000 0.00113 0.00156 0.00000 0.76262 0.78277 0.78278 0.89284 1.00000 1
-0.02500 0.05000 0.00113 0.00156 0.00000 0.76275 0.78286 0.78287 0.89284 1.00000 1
-0.02500 0.05000 0.00113 0.00156 0.00000 0.76292 0.78298 0.78301 0.89284 1.00000 1
-0.02500 0.05000 0.00113 0.00156 0.76307 0.76313 0.78313 0.78318 0.89284 1.00000 1
0.05000 0.05000 0.00113 0.00156 0.76326 0.76335 0.78328 0.78335 0.89284 1.00000 1
0.05000 0.05000 0.00113 0.00156 0.76312 0.76320 0.78317 0.78323 0.89284 1.00000 1
0.05000 0.05000 0.00113 0.00156 0.76285 0.76290 0.78295 0.78300 0.89284 1.00000 1
0.05000 0.05000 0.00113 0.00156 0.00000 0.76253 0.78268 0.78270 0.89284 1.00000 1
-0.02500 0.05000 0.00113 0.00156 0.00000 0.76213 0.78240 0.78238 0.89284 1.00000 1
-0.02500 0.05000 0.00113 0.00156 0.00000 0.76210 0.78238 0.78235 0.89284 1.00000 1
-0.02500 0.05000 0.00113 0.00156 0.00000 0.76223 0.78248 0.78246 0.89284 1.00000 1
-0.02500 0.05000 0.00113 0.00156 0.00000 0.76247 0.78265 0.78265 0.89284 1.00000 1
-0.02500 0.05000 0.00113 0.00156 0.00000 0.76277 0.78286 0.78289 0.89284 1.00000 1
-0.02500 0.05000 0.00113 0.00156 0.76303 0.76309 0.78310 0.78315 0.89284 1.00000 1
0.05000 0.05000 0.00113 0.00156 0.76333 0.76343 0.78334 0.78342 0.89284 1.00000 1
0.05000 0.05000 0.00113 0.00156 0.76329 0.76339 0.78330 0.78339 0.89284 1.00000 1
0.05000 0.05000 0.00113 0.00156 0.76311 0.76319 0.78316 0.78323 0.89284 1.00000 1
0.05000 0.05000 0.00113 0.00156 0.00000 0.76290 0.78296 0.78300 0.89284 1.00000 1
-0.02500 0.05000 0.00113 0.00156 0.00000 0.76257 0.78272 0.78273 0.89284 1.00000 1
-0.02500 0.05000 0.00113 0.00156 0.00000 0.76260 0.78275 0.78275 0.89284 1.00000 1
-0.02500 0.05000 0.00113 0.00156 0.00000 0.76277 0.78288 0.78289 0.89284 1.00000 1
-0.02500 0.05000 0.00113 0.00156 0.00014 0.76303 0.78307 0.78310 0.89284 1.00000 1
-0.02500 0.05000 0.00113 0.00156 0.76328 0.76334 0.78329 0.78334 0.89284 1.00000 1
0.05000 0.05000 0.00113 0.00156 0.76357 0.76366 0.78353 0.78360 0.89284 1.00000 1
0.05000 0.05000 0.00113 0.00156 0.76352 0.76361 0.78349 0.78356 0.89284 1.00000 1
0.05000 0.05000 0.00113 0.00156 0.76333 0.76340 0.78334 0.78340 0.89284 1.00000 1
0.05000 0.05000 0.00113 0.00156 0.00026 0.76311 0.78313 0.78316 0.89284 1.00000 1
-0.02500 0.05000 0.00113 0.00156 0.00000 0.76277 0.78288 0.78289 0.89284 1.00000 1
-0.02500 0.05000 0.00113 0.00156 0.00000 0.76278 0.78290 0.78290 0.89284 1.00000 1
-0.02500 0.05000 0.00113 0.00156 0.00001 0.76294 0.78302 0.78303 0.89284 1.00000 1
-0.02500 0.05000 0.00113 0.00156 0.00044 0.76318 0.78319 0.78322 0.89284 1.00000 1
-0.02500 0.05000 0.00113 0.00156 0.00094 0.76347 0.78340 0.78345 0.89284 1.00000 1
-0.02500 0.05000 0.00113 0.00156 0.76368 0.76377 0.78361 0.78369 0.89284 1.00000 1
0.05000 0.05000 0.00113 0.00156 0.76394 0.76406 0.78382 0.78392 0.89284 1.00000 1
0.05000 0.05000 0.00113 0.00156 0.76385 0.76396 0.78375 0.78385 0.89284 1.00000 1
0.05000 0.05000 0.00113 0.00156 0.76361 0.76370 0.78356 0.78364 0.89284 1.00000 1
0.05000 0.05000 0.00113 0.00156 0.00068 0.76334 0.78330 0.78335 0.89284 1.00000 1
-0.02500 0.05000 0.00113 0.00156 0.00000 0.76293 0.78301 0.78302 0.89284 1.00000 1
-0.02500 0.05000 0.00113 0.00156 0.00000 0.76288 0.78297 0.78298 0.89284 1.00000 1
-0.02500 0.05000 0.00113 0.00156 0.00005 0.76297 0.78304 0.78305 0.89284 1.00000 1
-0.02500 0.05000 0.00113 0.00156 0.00037 0.76314 0.78316 0.78319 0.89284 1.00000 1
-0.02500 0.05000 0.00113 0.00156 0.00076 0.76337 0.78333 0.78337 0.89284 1.00000 1
-0.02500 0.05000 0.00113 0.00156 0.76354 0.76362 0.78350 0.78357 0.89284 1.00000 1
0.05000 0.05000 0.00113 0.00156 0.76376 0.76386 0.78367 0.78376 0.89284 1.00000 1
0.05000 0.05000 0.00113 0.00156 0.76363 0.76373 0.78357 0.78366 0.89284 1.00000 1
0.05000 0.05000 0.00113 0.00156 0.76336 0.76343 0.78336 0.78342 0.89284 1.00000 1
0.05000 0.05000 0.00113 0.00156 0.00015 0.76305 0.78308 0.78312 0.89284 1.00000 1
-0.02500 0.05000 0.00113 0.00156 0.00000 0.76263 0.78278 0.78278 0.89284 1.00000 1
-0.02500 0.05000 0.00113 0.00156 0.00000 0.76257 0.78274 0.78273 0.89284 1.00000 1
-0.02500 0.05000 0.00113 0.00156 0.00000 0.76266 0.78280 0.78280 0.89284 1.00000 1
-0.02500 0.05000 0.00113 0.00156 0.00000 0.76285 0.78294 0.78295 0.89284 1.00000 1
-0.02500 0.05000 0.00113 0.00156 0.00024 0.76309 0.78311 0.78315 0.89284 1.00000 1
-0.02500 0.05000 0.00113 0.00156 0.00070 0.76336 0.78330 0.78336 0.89284 1.00000 1
-0.02500 0.05000 0.00113 0.00156 0.76353 0.76363 0.78349 0.78358 0.89284 1.00000 1
0.05000 0.05000 0.00113 0.00156 0.76377 0.76389 0.78368 0.78379 0.89284 1.00000 1
0.05000 0.05000 0.00113 0.00156 0.76365 0.76376 0.78358 0.78369 0.89284 1.00000 1
0.05000 0.05000 0.00113 0.00156 0.76338 0.76347 0.78338 0.78346 0.89284 1.00000 1
0.05000 0.05000 0.00113 0.00156 0.00019 0.76309 0.78310 0.78315 0.89284 1.00000 1
-0.02500 0.05000 0.00113 0.00156 0.00000 0.76266 0.78280 0.78281 0.89284 1.00000 1
-0.02500 0.05000 0.00113 0.00156 0.00000 0.76259 0.78276 0.78275 0.89284 1.00000 1
-0.02500 0.05000 0.00113 0.00156 0.00000 0.76268 0.78282 0.78282 0.89284 1.00000 1
-0.02500 0.05000 0.00113 0.00156 0.00000 0.76286 0.78295 0.78296 0.89284 1.00000 1
-0.02500 0.05000 0.00113 0.00156 0.00026 0.76310 0.78312 0.78315 0.89284 1.00000 1
-0.02500 0.05000 0.00113 0.00156 0.76329 0.76336 0.78331 0.78336 0.89284 1.00000 1
0.05000 0.05000 0.00113 0.00156 0.76353 0.76362 0.78350 0.78357 0.89284 1.00000 1
0.05000 0.05000 0.00113 0.00156 0.76343 0.76351 0.78341 0.78349 0.89284 1.00000 1
0.05000 0.05000 0.00113 0.00156 0.76318 0.76325 0.78322 0.78328 0.89284 1.00000 1
0.05000 0.05000 0.00113 0.00156 0.00000 0.76290 0.78297 0.78299 0.89284 1.00000 1
-0.02500 0.05000 0.00113 0.00156 0.00000 0.76251 0.78269 0.78268 0.89284 1.00000 1
-0.02500 0.05000 0.00113 0.00156 0.00000 0.76248 0.78267 0.78266 0.89284 1.00000 1
-0.02500 0.05000 0.00113 0.00156 0.00000 0.76260 0.78276 0.78276 0.89284 1.00000 1
-0.02500 0.05000 0.00113 0.00156 0.00000 0.76282 0.78292 0.78294 0.89284 1.00000 1
-0.02500 0.05000 0.00113 0.00156 0.76305 0.76310 0.78312 0.78315 0.89284 1.00000 1
0.05000 0.05000 0.00113 0.00156 0.76332 0.76340 0.78333 0.78339 0.89284 1.00000 1
0.05000 0.05000 0.00113 0.00156 0.76325 0.76333 0.78327 0.78334 0.89284 1.00000 1
0.05000 0.05000 0.00113 0.00156 0.76306 0.76312 0.78312 0.78317 0.89284 1.00000 1
0.05000 0.05000 0.00113 0.00156 0.00000 0.76282 0.78290 0.78293 0.89284 1.00000 1
-0.02500 0.05000 0.00113 0.00156 0.00000 0.76249 0.78267 0.78267 0.89284 1.00000 1
-0.02500 0.05000 0.00113 0.00156 0.00000 0.76251 0.78269 0.78269 0.89284 1.00000 1
-0.02500 0.05000 0.00113 0.00156 0.00000 0.76269 0.78282 0.78283 0.89284 1.00000 1
-0.02500 0.05000 0.00113 0.00156 0.00000 0.76296 0.78301 0.78304 0.89284 1.00000 1
-0.02500 0.05000 0.00113 0.00156 0.00055 0.76327 0.78324 0.78329 0.89284 1.00000 1
-0.02500 0.05000 0.00113 0.00156 0.76351 0.76360 0.78348 0.78356 0.89284 1.00000 1
0.05000 0.05000 0.00113 0.00156 0.76380 0.76393 0.78371 0.78382 0.89284 1.00000 1
0.05000 0.05000 0.00113 0.00156 0.76374 0.76387 0.78366 0.78377 0.89284 1.00000 1
0.05000 0.05000 0.00113 0.00156 0.76354 0.76364 0.78350 0.78359 0.89284 1.00000 1
0.05000 0.05000 0.00113 0.00156 0.76324 0.76331 0.78327 0.78333 0.89284 1.00000 1
0.05000 0.05000 0.00113 0.00156 0.00000 0.76293 0.78300 0.78302 0.89284 1.00000 1
-0.02500 0.05000 0.00113 0.00156 0.00000 0.76254 0.78272 0.78271 0.89284 1.00000 1
-0.02500 0.05000 0.00113 0.00156 0.00000 0.76253 0.78272 0.78270 0.89284 1.00000 1
-0.02500 0.05000 0.00113 0.00156 0.00000 0.76267 0.78283 0.78281 0.89284 1.00000 1
-0.02500 0.05000 0.00113 0.00156 0.00000 0.76292 0.78300 0.78301 0.89284 1.00000 1
-0.02500 0.05000 0.00113 0.00156 0.00049 0.76322 0.78321 0.78325 0.89284 1.00000 1
-0.02500 0.05000 0.00113 0.00156 0.76346 0.76354 0.78344 0.78350 0.89284 1.00000 1
0.05000 0.05000 0.00113 0.00156 0.76375 0.76385 0.78367 0.78376 0.89284 1.00000 1
0.05000 0.05000 0.00113 0.00156 0.76368 0.76379 0.78361 0.78371 0.89284 1.00000 1
0.05000 0.05000 0.00113 0.00156 0.76347 0.76356 0.78345 0.78352 0.89284 1.00000 1
0.05000 0.05000 0.00113 0.00156 0.00047 0.76324 0.78321 0.78326 0.89284 1.00000 1
-0.02500 0.05000 0.00113 0.00156 0.00000 0.76286 0.78294 0.78297 0.89284 1.00000 1
-0.02500 0.05000 0.00113 0.00156 0.00000 0.76284 0.78294 0.78295 0.89284 1.00000 1
-0.02500 0.05000 0.00113 0.00156 0.00003 0.76296 0.78303 0.78305 0.89284 1.00000 1
-0.02500 0.05000 0.00113 0.00156 0.00040 0.76317 0.78318 0.78321 0.89284 1.00000 1
-0.02500 0.05000 0.00113 0.00156 0.00085 0.76343 0.78336 0.78342 0.89284 1.00000 1
-0.02500 0.05000 0.00113 0.00156 0.76361 0.76370 0.78356 0.78364 0.89284 1.00000 1
0.05000 0.05000 0.00113 0.00156 0.76385 0.76397 0.78375 0.78385 0.89284 1.00000 1
0.05000 0.05000 0.00113 0.00156 0.76374 0.76385 0.78366 0.78376 0.89284 1.00000 1
0.05000 0.05000 0.00113 0.00156 0.76348 0.76357 0.78346 0.78353 0.89284 1.00000 1
0.05000 0.05000 0.00113 0.00156 0.00041 0.76320 0.78319 0.78324 0.89284 1.00000 1
-0.02500 0.05000 0.00113 0.00156 0.00000 0.76278 0.78289 0.78290 0.89284 1.00000 1
-0.02500 0.05000 0.00113 0.00156 0.00000 0.76272 0.78285 0.78285 0.89284 1.00000 1
-0.02500 0.05000 0.00113 0.00156 0.00000 0.76281 0.78292 0.78292 0.89284 1.00000 1
-0.02500 0.05000 0.00113 0.00156 0.00009 0.76299 0.78305 0.78307 0.89284 1.00000 1
-0.02500 0.05000 0.00113 0.00156 0.76318 0.76323 0.78322 0.78326 0.89284 1.00000 1
0.05000 0.05000 0.00113 0.00156 0.76341 0.76348 0.78340 0.78346 0.89284 1.00000 1
0.05000 0.05000 0.00113 0.00156 0.76330 0.76338 0.78332 0.78338 0.89284 1.00000 1
0.05000 0.05000 0.00113 0.00156 0.76307 0.76313 0.78313 0.78318 0.89284 1.00000 1
0.05000 0.05000 0.00113 0.00156 0.00000 0.76279 0.78289 0.78291 0.89284 1.00000 1
-0.02500 0.05000 0.00113 0.00156 0.00000 0.76243 0.78262 0.78262 0.89284 1.00000 1
-0.02500 0.05000 0.00113 0.00156 0.00000 0.76242 0.78263 0.78262 0.89284 1.00000 1
-0.02500 0.05000 0.00113 0.00156 0.00000 0.76258 0.78274 0.78274 0.89284 1.00000 1
-0.02500 0.05000 0.00113 0.00156 0.00000 0.76282 0.78291 0.78293 0.89284 1.00000 1
-0.02500 0.05000 0.00113 0.00156 0.00027 0.76312 0.78313 0.78317 0.89284 1.00000 1
-0.02500 0.05000 0.00113 0.00156 0.76335 0.76344 0.78335 0.78343 0.89284 1.00000 1
0.05000 0.05000 0.00113 0.00156 0.76364 0.76376 0.78358 0.78368 0.89284 1.00000 1
0.05000 0.05000 0.00113 0.00156 0.76358 0.76370 0.78353 0.78363 0.89284 1.00000 1
0.05000 0.05000 0.00113 0.00156 0.76337 0.76347 0.78337 0.78345 0.89284 1.00000 1
0.05000 0.05000 0.00113 0.00156 0.76309 0.76315 0.78314 0.78320 0.89284 1.00000 1
0.05000 0.05000 0.00113 0.00156 0.00000 0.76278 0.78288 0.78290 0.89284 1.00000 1
-0.02500 0.05000 0.00113 0.00156 0.00000 0.76241 0.78261 0.78260 0.89284 1.00000 1
-0.02500 0.05000 0.00113 0.00156 0.00000 0.76241 0.78262 0.78260 0.89284 1.00000 1
-0.02500 0.05000 0.00113 0.00156 0.00000 0.76257 0.78274 0.78273 0.89284 1.00000 1
-0.02500 0.05000 0.00113 0.00156 0.00000 0.76283 0.78293 0.78294 0.89284 1.00000 1
-0.02500 0.05000 0.00113 0.00156 0.00036 0.76315 0.78316 0.78320 0.89284 1.00000 1
-0.02500 0.05000 0.00113 0.00156 0.76342 0.76349 0.78340 0.78347 0.89284 1.00000 1
0.05000 0.05000 0.00113 0.00156 0.76372 0.76383 0.78365 0.78374 0.89284 1.00000 1
0.05000 0.05000 0.00113 0.00156 0.76367 0.76378 0.78361 0.78370 0.89284 1.00000 1
0.05000 0.05000 0.00113 0.00156 0.76348 0.76357 0.78345 0.78354 0.89284 1.00000 1
0.05000 0.05000 0.00113 0.00156 0.76320 0.76326 0.78323 0.78329 0.89284 1.00000 1
0.05000 0.05000 0.00113 0.00156 0.00000 0.76291 0.78298 0.78300 0.89284 1.00000 1
-0.02500 0.05000 0.00113 0.00156 0.00000 0.76253 0.78271 0.78270 0.89284 1.00000 1
-0.02500 0.05000 0.00113 0.00156 0.00000 0.76253 0.78272 0.78270 0.89284 1.00000 1
-0.02500 0.05000 0.00113 0.00156 0.00000 0.76270 0.78284 0.78283 0.89284 1.00000 1
-0.02500 0.05000 0.00113 0.00156 0.00003 0.76296 0.78302 0.78304 0.89284 1.00000 1
-0.02500 0.05000 0.00113 0.00156 0.00057 0.76327 0.78325 0.78329 0.89284 1.00000 1
-0.02500 0.05000 0.00113 0.00156 0.76351 0.76360 0.78348 0.78355 0.89284 1.00000 1
0.05000 0.05000 0.00113 0.00156 0.76381 0.76392 0.78371 0.78382 0.89284 1.00000 1
0.05000 0.05000 0.00113 0.00156 0.76375 0.76387 0.78367 0.78377 0.89284 1.00000 1
0.05000 0.05000 0.00113 0.00156 0.76354 0.76364 0.78350 0.78359 0.89284 1.00000 1
0.05000 0.05000 0.00113 0.00156 0.00061 0.76332 0.78327 0.78333 0.89284 1.00000 1
-0.02500 0.05000 0.00113 0.00156 0.00000 0.76295 0.78301 0.78303 0.89284 1.00000 1
-0.02500 0.05000 0.00113 0.00156 0.00000 0.76292 0.78300 0.78301 0.89284 1.00000 1
-0.02500 0.05000 0.00113 0.00156 0.00017 0.76304 0.78309 0.78311 0.89284 1.00000 1
-0.02500 0.05000 0.00113 0.00156 0.00053 0.76324 0.78323 0.78327 0.89284 1.00000 1
-0.02500 0.05000 0.00113 0.00156 0.76343 0.76349 0.78341 0.78347 0.89284 1.00000 1
0.05000 0.05000 0.00113 0.00156 0.76366 0.76375 0.78360 0.78368 0.89284 1.00000 1
0.05000 0.05000 0.00113 0.00156 0.76356 0.76365 0.78352 0.78360 0.89284 1.00000 1
0.05000 0.05000 0.00113 0.00156 0.76332 0.76339 0.78333 0.78339 0.89284 1.00000 1
0.05000 0.05000 0.00113 0.00156 0.00015 0.76305 0.78308 0.78311 0.89284 1.00000 1
-0.02500 0.05000 0.00113 0.00156 0.00000 0.76266 0.78281 0.78281 0.89284 1.00000 1
-0.02500 0.05000 0.00113 0.00156 0.00000 0.76264 0.78279 0.78278 0.89284 1.00000 1
-0.02500 0.05000 0.00113 0.00156 0.00000 0.76276 0.78288 0.78288 0.89284 1.00000 1
-0.02500 0.05000 0.00113 0.00156 0.00006 0.76298 0.78304 0.78306 0.89284 1.00000 1
-0.02500 0.05000 0.00113 0.00156 0.00052 0.76325 0.78323 0.78327 0.89284 1.00000 1
-0.02500 0.05000 0.00113 0.00156 0.76345 0.76353 0.78343 0.78350 0.89284 1.00000 1
0.05000 0.05000 0.00113 0.00156 0.76371 0.76382 0.78363 0.78373 0.89284 1.00000 1
0.05000 0.05000 0.00113 0.00156 0.76361 0.76372 0.78356 0.78366 0.89284 1.00000 1
0.05000 0.05000 0.00113 0.00156 0.76338 0.76347 0.78337 0.78345 0.89284 1.00000 1
0.05000 0.05000 0.00113 0.00156 0.76306 0.76312 0.78312 0.78317 0.89284 1.00000 1
0.05000 0.05000 0.00113 0.00156 0.00000 0.76273 0.78284 0.78286 0.89284 1.00000 1
-0.02500 0.05000 0.00113 0.00156 0.00000 0.76233 0.78256 0.78254 0.89284 1.00000 1
-0.02500 0.05000 0.00113 0.00156 0.00000 0.76231 0.78255 0.78252 0.89284 1.00000 1
-0.02500 0.05000 0.00113 0.00156 0.00000 0.76246 0.78266 0.78264 0.89284 1.00000 1
-0.02500 0.05000 0.00113 0.00156 0.00000 0.76271 0.78284 0.78284 0.89284 1.00000 1
-0.02500 0.05000 0.00113 0.00156 0.00011 0.76302 0.78306 0.78309 0.89284 1.00000 1
-0.02500 0.05000 0.00113 0.00156 0.76329 0.76336 0.78330 0.78336 0.89284 1.00000 1
0.05000 0.05000 0.00113 0.00156 0.76359 0.76370 0.78354 0.78363 0.89284 1.00000 1
0.05000 0.05000 0.00113 0.00156 0.76354 0.76365 0.78350 0.78360 0.89284 1.00000 1
0.05000 0.05000 0.00113 0.00156 0.76336 0.76345 0.78335 0.78344 0.89284 1.00000 1
0.05000 0.05000 0.00113 0.00156 0.76309 0.76315 0.78314 0.78320 0.89284 1.00000 1
0.05000 0.05000 0.00113 0.00156 0.00000 0.76280 0.78289 0.78292 0.89284 1.00000 1
-0.02500 0.05000 0.00113 0.00156 0.00000 0.76244 0.78264 0.78263 0.89284 1.00000 1
-0.02500 0.05000 0.00113 0.00156 0.00000 0.76246 0.78266 0.78264 0.89284 1.00000 1
-0.02500 0.05000 0.00113 0.00156 0.00000 0.76263 0.78279 0.78278 0.89284 1.00000 1
-0.02500 0.05000 0.00113 0.00156 0.00000 0.76291 0.78299 0.78300 0.89284 1.00000 1
-0.02500 0.05000 0.00113 0.00156 0.00051 0.76324 0.78322 0.78327 0.89284 1.00000 1
-0.02500 0.05000 0.00113 0.00156 0.76350 0.76358 0.78347 0.78354 0.89284 1.00000 1
0.05000 0.05000 0.00113 0.00156 0.76381 0.76392 0.78371 0.78382 0.89284 1.00000 1
0.05000 0.05000 0.00113 0.00156 0.76376 0.76388 0.78368 0.78378 0.89284 1.00000 1
0.05000 0.05000 0.00113 0.00156 0.76357 0.76367 0.78352 0.78361 0.89284 1.00000 1
0.05000 0.05000 0.00113 0.00156 0.76328 0.76336 0.78330 0.78336 0.89284 1.00000 1
0.05000 0.05000 0.00113 0.00156 0.00005 0.76299 0.78304 0.78307 0.89284 1.00000 1
-0.02500 0.05000 0.00113 0.00156 0.00000 0.76261 0.78277 0.78277 0.89284 1.00000 1
-0.02500 0.05000 0.00113 0.00156 0.00000 0.76260 0.78277 0.78276 0.89284 1.00000 1
-0.02500 0.05000 0.00113 0.00156 0.00000 0.76275 0.78288 0.78288 0.89284 1.00000 1
-0.02500 0.05000 0.00113 0.00156 0.00012 0.76300 0.78306 0.78308 0.89284 1.00000 1
-0.02500 0.05000 0.00113 0.00156 0.00064 0.76330 0.78328 0.78332 0.89284 1.00000 1
-0.02500 0.05000 0.00113 0.00156 0.76354 0.76362 0.78350 0.78357 0.89284 1.00000 1
0.05000 0.05000 0.00113 0.00156 0.76382 0.76394 0.78373 0.78383 0.89284 1.00000 1
0.05000 0.05000 0.00113 0.00156 0.76375 0.76387 0.78367 0.78377 0.89284 1.00000 1
0.05000 0.05000 0.00113 0.00156 0.76354 0.76363 0.78350 0.78358 0.89284 1.00000 1
0.05000 0.05000 0.00113 0.00156 0.76324 0.76330 0.78326 0.78332 0.89284 1.00000 1
0.05000 0.05000 0.00113 0.00156 0.00000 0.76292 0.78299 0.78301 0.89284 1.00000 1
-0.02500 0.05000 0.00113 0.00156 0.00000 0.76253 0.78271 0.78270 0.89284 1.00000 1
-0.02500 0.05000 0.00113 0.00156 0.00000 0.76251 0.78270 0.78268 0.89284 1.00000 1
-0.02500 0.05000 0.00113 0.00156 0.00000 0.76265 0.78280 0.78280 0.89284 1.00000 1
-0.02500 0.05000 0.00113 0.00156 0.00000 0.76289 0.78298 0.78299 0.89284 1.00000 1
-0.02500 0.05000 0.00113 0.00156 0.00043 0.76319 0.78319 0.78323 0.89284 1.00000 1
-0.02500 0.05000 0.00113 0.00156 0.76343 0.76351 0.78342 0.78349 0.89284 1.00000 1
0.05000 0.05000 0.00113 0.00156 0.76372 0.76383 0.78364 0.78374 0.89284 1.00000 1
0.05000 0.05000 0.00113 0.00156 0.76365 0.76377 0.78359 0.78369 0.89284 1.00000 1
0.05000 0.05000 0.00113 0.00156 0.76345 0.76354 0.78343 0.78351 0.89284 1.00000 1
0.05000 0.05000 0.00113 0.00156 0.76315 0.76322 0.78320 0.78325 0.89284 1.00000 1
0.05000 0.05000 0.00113 0.00156 0.00000 0.76285 0.78293 0.78296 0.89284 1.00000 1
-0.02500 0.05000 0.00113 0.00156 0.00000 0.76247 0.78266 0.78265 0.89284 1.00000 1
-0.02500 0.05000 0.00113 0.00156 0.00000 0.76246 0.78266 0.78264 0.89284 1.00000 1
-0.02500 0.05000 0.00113 0.00156 0.00000 0.76262 0.78278 0.78277 0.89284 1.00000 1
-0.02500 0.05000 0.00113 0.00156 0.00000 0.76287 0.78296 0.78297 0.89284 1.00000 1
-0.02500 0.05000 0.00113 0.00156 0.00041 0.76319 0.78318 0.78322 0.89284 1.00000 1
-0.02500 0.05000 0.00113 0.00156 0.76344 0.76352 0.78342 0.78349 0.89284 1.00000 1
0.05000 0.05000 0.00113 0.00156 0.76373 0.76385 0.78365 0.78375 0.89284 1.00000 1
0.05000 0.05000 0.00113 0.00156 0.76368 0.76379 0.78361 0.78371 0.89284 1.00000 1
0.05000 0.05000 0.00113 0.00156 0.76348 0.76358 0.78345 0.78354 0.89284 1.00000 1
0.05000 0.05000 0.00113 0.00156 0.76319 0.76326 0.78323 0.78328 0.89284 1.00000 1
0.05000 0.05000 0.00113 0.00156 0.00000 0.76289 0.78297 0.78299 0.89284 1.00000 1
-0.02500 0.05000 0.00113 0.00156 0.00000 0.76252 0.78270 0.78269 0.89284 1.00000 1
-0.02500 0.05000 0.00113 0.00156 0.00000 0.76251 0.78270 0.78269 0.89284 1.00000 1
-0.02500 0.05000 0.00113 0.00156 0.00000 0.76267 0.78282 0.78281 0.89284 1.00000 1
-0.02500 0.05000 0.00113 0.00156 0.00000 0.76293 0.78300 0.78302 0.89284 1.00000 1
-0.02500 0.05000 0.00113 0.00156 0.00051 0.76324 0.78322 0.78327 0.89284 1.00000 1
-0.02500 0.05000 0.00113 0.00156 0.76348 0.76357 0.78346 0.78353 0.89284 1.00000 1
0.05000 0.05000 0.00113 0.00156 0.76378 0.76389 0.78369 0.78379 0.89284 1.00000 1
0.05000 0.05000 0.00113 0.00156 0.76372 0.76383 0.78364 0.78374 0.89284 1.00000 1
0.05000 0.05000 0.00113 0.00156 0.76351 0.76361 0.78348 0.78357 0.89284 1.00000 1
0.05000 0.05000 0.00113 0.00156 0.76322 0.76329 0.78325 0.78331 0.89284 1.00000 1
0.05000 0.05000 0.00113 0.00156 0.00000 0.76292 0.78299 0.78301 0.89284 1.00000 1
-0.02500 0.05000 0.00113 0.00156 0.00000 0.76253 0.78271 0.78270 0.89284 1.00000 1
-0.02500 0.05000 0.00113 0.00156 0.00000 0.76252 0.78271 0.78270 0.89284 1.00000 1
-0.02500 0.05000 0.00113 0.00156 0.00000 0.76268 0.78282 0.78282 0.89284 1.00000 1
-0.02500 0.05000 0.00113 0.00156 0.00000 0.76293 0.78300 0.78302 0.89284 1.00000 1
-0.02500 0.05000 0.00113 0.00156 0.00050 0.76323 0.78322 0.78326 0.89284 1.00000 1
-0.02500 0.05000 0.00113 0.00156 0.76347 0.76356 0.78345 0.78352 0.89284 1.00000 1
0.05000 0.05000 0.00113 0.00156 0.76376 0.76388 0.78368 0.78378 0.89284 1.00000 1
0.05000 0.05000 0.00113 0.00156 0.76370 0.76382 0.78363 0.78373 0.89284 1.00000 1
0.05000 0.05000 0.00113 0.00156 0.76349 0.00143 0.78346 0.78355 0.89284 1.00000 1
0.05000 -0.02500 0.00113 0.00156 0.76320 0.00075 0.78323 0.78329 0.89284 1.00000 1
0.05000 -0.02500 0.00113 0.00156 0.76323 0.00063 0.78326 0.78326 0.89284 1.00000 1
0.05000 -0.02500 0.00113 0.00156 0.00098 0.00069 0.78338 0.78331 0.89284 1.00000 1
